101352965353513972921016801372268581599	0.0#
102508362108722087785851563988998116622	0.0#
104524212055442757665907965243560045101	0.013014134#227109448702302113507903604759918416063 82306156766194587629690350083967473394 243508655458034237100533895956090640779 155346617108560808581184142629329729230 168673252469550579557899067836420932546
109201398593828919044196265514531238145	2.1094954E-4#
111323423298924499851173943282015327225	0.0#104524212055442757665907965243560045101 240623084380163145707527005499733842551 30874283037022575636186165131442171000 175355506050776061234875474205157268665 186714974623742708454693759991423335027
113534237106434284488522021294891495988	4.698405E-4#5435181885374803069870833446933424138 77537733561301010261117024908166108799 104524212055442757665907965243560045101 57979370615741928609283005034325220088 28861346692219066276763311893324806846
114890183038555487909213409904170707229	4.1943039E-16#
114994583965504175341892099797637604299	9.415265E-4#
128645859247652853896884040317132396937	0.0#104524212055442757665907965243560045101 326861527247931904809054435100915620667 17649598783482525745073710167618606107 57979370615741928609283005034325220088 77537733561301010261117024908166108799
131392721919938732099420130598862332813	1.6777215E-15#
133131890036174073076698053594002226435	0.002947724#190299476522864204715783677623158406286 181312092986972429027203506196790279353 339649168605384199188881305141721852327 82306156766194587629690350083967473394 133772998861810280463554697803246893667
133772998861810280463554697803246893667	0.0036522623#41516662375067056939215469405870429461 288576853287768068927031762543337186533 292332523886715471815071557997251265288 114994583965504175341892099797637604299 299514726029312141732487044917431348445
134661996234159808488375170070473187582	0.010642075#
142186689150418124636450770029420229746	0.0#243508655458034237100533895956090640779 35745614344347591493061828239500600126 104524212055442757665907965243560045101 236164623452944765293991214267424721986 134661996234159808488375170070473187582
147067421671033014086912232274880942063	2.1094954E-4#
153220329054749572624781338525075574158	0.0#17649598783482525745073710167618606107 28861346692219066276763311893324806846 339649168605384199188881305141721852327 174934866005477236601552608567437049397 97668020538124808838065356267872887871
155191900936557201364898468953473679658	0.0#
155346617108560808581184142629329729230	0.009973567#17649598783482525745073710167618606107 82306156766194587629690350083967473394 97668020538124808838065356267872887871 104524212055442757665907965243560045101 163504815576561508839595011810493156108
163504815576561508839595011810493156108	0.0025713143#104524212055442757665907965243560045101 155346617108560808581184142629329729230 7052652783053190909196370890708584576 17649598783482525745073710167618606107 82306156766194587629690350083967473394
164025423890307914911433208822534109474	8.1822416E-4#
168673252469550579557899067836420932546	0.009773275#227109448702302113507903604759918416063 57979370615741928609283005034325220088 284207700310595285051849664560473814989 134661996234159808488375170070473187582 320237033252382067169682303302645524469
174934866005477236601552608567437049397	3.1702378E-4#
175220240539670941889603909928656913734	4.1943039E-16#
175355506050776061234875474205157268665	0.0#
17649598783482525745073710167618606107	0.0054667722#155346617108560808581184142629329729230 299514726029312141732487044917431348445 97668020538124808838065356267872887871 83875561487324217480639832016255887350 133772998861810280463554697803246893667
181312092986972429027203506196790279353	7.5996167E-4#
18138956808850281543391361552046614816	0.0#131392721919938732099420130598862332813 279943224303252358618716093816882941194 888128195553603977053760306273097261 230177819780877770650260996701940599235 102508362108722087785851563988998116622
182527990913509687450594349132958115985	0.0#
185729606075417832270050105040473227376	0.0#
186714974623742708454693759991423335027	0.0#
190299476522864204715783677623158406286	7.5996167E-4#
193634657840458681405995007578464945582	1.6777215E-15#
19535246591714326337711411922360897492	0.0#57979370615741928609283005034325220088 17649598783482525745073710167618606107 155346617108560808581184142629329729230 211878760992109418806726382077038283046 339649168605384199188881305141721852327
200311597361456838429398779796546922658	0.0#
20418553700856321536411729715081843446	2.1094954E-4#
210909491863167089876356347582372476473	2.1094954E-4#
211878760992109418806726382077038283046	0.0#
21730549810992039937211608749687515940	4.1943039E-16#
218594466807557471842721502963335443150	0.0#263184058901076835652049276415241493721 200311597361456838429398779796546922658 78698820017469017821583043214522694635 296823334617463523477826113283757025432 104524212055442757665907965243560045101
221813501383019525338719374474051067471	0.0#275642161800365918912298318497478965953 104524212055442757665907965243560045101 243508655458034237100533895956090640779 28861346692219066276763311893324806846 163504815576561508839595011810493156108
223298989353073294455240222552597284702	4.1943039E-16#280235741193847378768182761807543635986 133131890036174073076698053594002226435 57390739430391909474775647516855461280 175220240539670941889603909928656913734 133772998861810280463554697803246893667
22631659384737685589582139213731201653	4.1943039E-16#
227109448702302113507903604759918416063	0.010025326#104524212055442757665907965243560045101 168673252469550579557899067836420932546 57979370615741928609283005034325220088 134661996234159808488375170070473187582 284207700310595285051849664560473814989
227876852544094031571428491870135989894	0.001822913#57979370615741928609283005034325220088 104524212055442757665907965243560045101 267281669194448088214128515761134846194 245730548655357122014959865089222842544 339649168605384199188881305141721852327
230144232136733996133175724910894399058	0.0#
230177819780877770650260996701940599235	8.3886077E-16#
236164623452944765293991214267424721986	0.0#
240623084380163145707527005499733842551	0.0#
243508655458034237100533895956090640779	0.0033550002#
245730548655357122014959865089222842544	4.698405E-4#
260161097598831328519267429477304714792	8.1822416E-4#147067421671033014086912232274880942063 28861346692219066276763311893324806846 210909491863167089876356347582372476473 20418553700856321536411729715081843446 109201398593828919044196265514531238145
263184058901076835652049276415241493721	0.0#
267281669194448088214128515761134846194	4.698405E-4#227876852544094031571428491870135989894 82306156766194587629690350083967473394 104524212055442757665907965243560045101 57979370615741928609283005034325220088 77537733561301010261117024908166108799
267722155031291810544581748331360021901	0.0#59880751092836305688589653777990234943 185729606075417832270050105040473227376 230177819780877770650260996701940599235 134661996234159808488375170070473187582 75598319553911551131831927533194227048
275642161800365918912298318497478965953	0.0#
279943224303252358618716093816882941194	8.3886077E-16#888128195553603977053760306273097261 131392721919938732099420130598862332813 230177819780877770650260996701940599235 193634657840458681405995007578464945582 133772998861810280463554697803246893667
280235741193847378768182761807543635986	4.1943039E-16#86913765124581547221925351882685488744 22631659384737685589582139213731201653 223298989353073294455240222552597284702 133131890036174073076698053594002226435 174934866005477236601552608567437049397
284207700310595285051849664560473814989	0.005752835#168673252469550579557899067836420932546 133772998861810280463554697803246893667 227109448702302113507903604759918416063 41516662375067056939215469405870429461 134661996234159808488375170070473187582
288022161721041265548960565362042656066	8.1822416E-4#82306156766194587629690350083967473394 28861346692219066276763311893324806846 104524212055442757665907965243560045101 17649598783482525745073710167618606107 155346617108560808581184142629329729230
288576853287768068927031762543337186533	9.415265E-4#
28861346692219066276763311893324806846	0.0031736945#82306156766194587629690350083967473394 260161097598831328519267429477304714792 104524212055442757665907965243560045101 164025423890307914911433208822534109474 288022161721041265548960565362042656066
292332523886715471815071557997251265288	9.415265E-4#
296823334617463523477826113283757025432	0.0#
299514726029312141732487044917431348445	0.0023509595#
30212858968080788529425138860488382595	4.1943039E-16#
304212837779145636579450768688232574035	0.0#
30874283037022575636186165131442171000	0.0#
308805899073053619121053958963270395854	0.0#30874283037022575636186165131442171000 182527990913509687450594349132958115985 134661996234159808488375170070473187582 17649598783482525745073710167618606107 3671719637918153880346145980613663904
320237033252382067169682303302645524469	0.0025192453#168673252469550579557899067836420932546 134661996234159808488375170070473187582 227109448702302113507903604759918416063 284207700310595285051849664560473814989 104524212055442757665907965243560045101
323416360344547744680005898660354172211	0.0#
326861527247931904809054435100915620667	4.698405E-4#
339649168605384199188881305141721852327	0.0012298021#17649598783482525745073710167618606107 174934866005477236601552608567437049397 57979370615741928609283005034325220088 133131890036174073076698053594002226435 227109448702302113507903604759918416063
35745614344347591493061828239500600126	0.0#
3671719637918153880346145980613663904	0.0#
41516662375067056939215469405870429461	0.0024243938#
43018367593395609130385411732537672572	8.3886077E-16#
4482426313867009741878877017601134604	0.0#155346617108560808581184142629329729230 104524212055442757665907965243560045101 35745614344347591493061828239500600126 133131890036174073076698053594002226435 17649598783482525745073710167618606107
5435181885374803069870833446933424138	0.001822913#77537733561301010261117024908166108799 326861527247931904809054435100915620667 57979370615741928609283005034325220088 113534237106434284488522021294891495988 104524212055442757665907965243560045101
57390739430391909474775647516855461280	4.1943039E-16#21730549810992039937211608749687515940 227109448702302113507903604759918416063 114890183038555487909213409904170707229 30212858968080788529425138860488382595 134661996234159808488375170070473187582
57979370615741928609283005034325220088	0.0066023595#168673252469550579557899067836420932546 5435181885374803069870833446933424138 227109448702302113507903604759918416063 227876852544094031571428491870135989894 134661996234159808488375170070473187582
59880751092836305688589653777990234943	0.0#
68111357236996528500726437169674163411	0.0#133772998861810280463554697803246893667 299514726029312141732487044917431348445 304212837779145636579450768688232574035 83875561487324217480639832016255887350 155191900936557201364898468953473679658
68592337301546214769410474491392476625	8.3886077E-16#
70086796758126382852728283651035054756	0.0#230144232136733996133175724910894399058 57979370615741928609283005034325220088 101352965353513972921016801372268581599 168673252469550579557899067836420932546 323416360344547744680005898660354172211
7052652783053190909196370890708584576	6.6292856E-4#
75598319553911551131831927533194227048	0.0#
77537733561301010261117024908166108799	7.120314E-4#
78698820017469017821583043214522694635	0.0#
82306156766194587629690350083967473394	0.010204029#104524212055442757665907965243560045101 28861346692219066276763311893324806846 155346617108560808581184142629329729230 97668020538124808838065356267872887871 133131890036174073076698053594002226435
83875561487324217480639832016255887350	0.0014094331#
86913765124581547221925351882685488744	4.1943039E-16#
888128195553603977053760306273097261	8.3886077E-16#279943224303252358618716093816882941194 68592337301546214769410474491392476625 193634657840458681405995007578464945582 43018367593395609130385411732537672572 131392721919938732099420130598862332813
97668020538124808838065356267872887871	0.006611448#17649598783482525745073710167618606107 155346617108560808581184142629329729230 104524212055442757665907965243560045101 82306156766194587629690350083967473394 134661996234159808488375170070473187582
