10168874450139130245265191986482299501	0.0#193114741835148714857603500318795434468 83378741702044348075633444191258588116 211864568681657331269997910811628335746 336304488196729041882655360783810355989 196746113626144818628819672717030756729
102441775703546131985870445781259609353	6.046609E-6#64032941963750223601505696787123138445 223271324239482583023608235690793612285 80864486632161759425781019242157304936 239248581265227250385202765174531432725 94032145746382817202692924040209484824
106216515210602610132784218218717797939	2.9267358E-7#
107581699214708806285044592095389280824	0.0#48160741792489412484669297476700736980 166512322004995566323543726904471015240 186673077816152102947226083697274803893 64032941963750223601505696787123138445 284723924846833326106484327671166677646
112896784895756915039494822109885144847	1.9066881E-18#
114438936468572140875076799587408758856	0.0#
114668847584713734252809403232894882647	1.873924E-6#280977461714919056679049292010678396068 14422838876333252177147022771297875842 97008356640547621048472268562410523068 251290491686687990246865529160711840622 169858908904277126273409097504561707491
115279763747073760719773653541279654125	0.0#
117101687181509123435095894485526738213	0.0#
119859048756043327112473400716209196714	0.0#
123598423878310268013443718841679922367	5.497558E-26#
128853687204158271829786234220670353565	3.4535108E-7#
130232027840939362914346083514596120969	0.0#
133779514190188167452068738079734110373	0.0#301963573155520767775226779585887193934 103751910713428188153876680451043826394 146904527384791289554006141974788664470 204362060973951222750041528939039463163 156471617313644419826686265789184402299
134553584869965343718225236107593833324	2.8862177E-25#
137243189830618968906999516584231304228	0.0061927163#178400067990794464085255600198089800280 75064076505977725338287561605216146024 214917686594559236497547622533457258166 68776687549495554256017727745779500687 299230709489733563621449960978591817843
138464469958462584178546176442966546936	0.0029368435#
141387931361967500251266743329618182087	0.0#214917686594559236497547622533457258166 229976412844726950040947127043148777229 305890300841971300595298269266553793479 288470501761049516142903474699687622246 52094553991153909078738775970064972508
146998321464631609528120700977134191761	0.0#
149518144383781920424238228895852360703	0.0#287271366208899636113529409531582498336 156471617313644419826686265789184402299 32838168667501553588530521917774209283 147157785195025897913289327507587874877 104828107203992490847021457928552382733
155789302963045747154886064662059249546	9.274276E-7#186139942777031850224416644435746494626 209516636680095386400125718785147219475 32838168667501553588530521917774209283 103751910713428188153876680451043826394 113575162294127105873863181569266645353
157518213213353771603379362877567645961	0.0#
166262476531136025515690769142901349804	0.0#166512322004995566323543726904471015240 99017489027990616389103623119217536367 134510205270280390968778444643228859708 321547750334109321333181618720766632099 104828107203992490847021457928552382733
166806543696108545769080538278951931393	0.0#
168395577420593164240039041132588190035	2.2453927E-5#268706337336559760426165753987174407381 134623294593524666966356657715341649879 146904527384791289554006141974788664470 39345272193205933963875441086906863379 258445086495839543554432541215269526128
173658900651743084074739271585309087036	3.1851403E-7#287271366208899636113529409531582498336 103751910713428188153876680451043826394 304479433570707725189490986150760328430 186139942777031850224416644435746494626 32838168667501553588530521917774209283
173786166519073001535025131386931130195	6.547979E-7#
176454884215181985090844963688452828312	1.3743895E-26#284510239251910046427593057486449185085 310785703263243300259382535558461780551 145426432921133749317922477714102706808 1484027231423131599348801871714235581 106467124460109866925085424762333953361
180631236830463689805868117030690924089	2.748779E-26#138905553411732662928581519768173760189 266684133977745417775723391408289122416 158689435338304033814567691214955197194 53068019459250501764663325223340551801 259006862314254014323731641612838140317
180717210053121655035744517145905633842	1.3743895E-26#
182508721914531348095088433142981056748	5.449463E-6#285016278918672718947115932908117515871 241796139462221771329041646868695215641 230615147501782978403022783317768687250 333167821653463323235971345946071414244 130234240159727504338733905210582270097
183090195617420403694763448685197820542	1.0629621E-5#
186750769207637664778408654978800780148	0.0#
188275037395885823947420702423042825057	0.0#
18982631704975989674089838829900151425	2.1036614E-5#334460484124321326784840560775422993325 47221850307928936990965387708256487278 31387829440877120784936410464706540566 163985522774334523207185258884201286875 231037312372783520147514970923469795797
192052614572419399766989436798060373421	8.703294E-7#
196281015801163187205237833667115067180	0.0#329514159642796413289469468562482958338 227562959820448170958038846342448059453 163611691569092368127821630741061698327 77252666231586858199352179696635942268 312520431329179805996431257374952591821
197269056261311098116831415082120352569	2.2364464E-5#
198968107965812983467725138874886500903	0.0035661033#
199226294625480739268489295193256300834	1.3820208E-5#8560955277094323405579237392850891505 297888678748967276840577303909412369383 318131986219228336750687904972012068607 170796915791319302201461642790315544098 267455473623903804867807839983631468333
200123785415024271193581191514762534088	0.0#83378741702044348075633444191258588116 322450448074712120580424515309792117737 239387021765039577828302650091323683277 206657420787526184357559109338189005491 247370863526137144974393095235578406526
204006505785564229986162865654651485266	0.0#90905941323114040852132089841891288999 148338284019512431565053171909775861449 97008356640547621048472268562410523068 245102152482178792697353407035423841442 26672064337189823004402385064073377549
20492032309917981497626955431009942904	0.0#174412081834089588877235820108375026582 163655490317320682257759171686127406813 96056664179343263141077800777676845610 231166512711259117298673403487914953168 165317077764519104918241511449952492996
205237317876491136299493449330695406919	0.0#
206706609678464376908865685039624428209	3.2995693E-11#295429788762988877631658208805032729954 228328524531602818343752711494439392534 284510239251910046427593057486449185085 212657577598352705256702906397032600195 248178235860248274975968751117946478083
209516636680095386400125718785147219475	2.516837E-6#122300157104530735730059483921077382718 287271366208899636113529409531582498336 14011286245753718478165096797397724530 60646843546206948765161807347657913676 119337412437940133144881923208049882442
209836795714581043037404746360992151851	4.8406355E-7#
212558351644410563712335285352182276046	1.9066881E-18#
212696026751741785425356065853573036460	0.0#295429788762988877631658208805032729954 110838606352139739555445183395293893813 214713391882398428193488337287506857125 64755001229583484458825139460636712182 122456283963538926182045481081906672131
214713391882398428193488337287506857125	1.015441E-7#328553535867070724830587745742314780321 122456283963538926182045481081906672131 66128854632206510043570389209720048854 61458598785378945829606421065182662879 45122025610745219429253774870531623164
21491543413274066320342725955844861463	0.0#
220854412085986767416841241479255679790	0.0#
225671992739282931529650585277338418550	5.6349976E-25#156471617313644419826686265789184402299 272496827425169888514167691039243301648 301963573155520767775226779585887193934 134510205270280390968778444643228859708 160528714542353058554423124753882573212
227073644685489936653437830735081027743	2.536426E-19#
230377424677362154217680145779246630136	4.5036406E-21#
231347557842475722881803463553882298073	0.0#
234214733761946091005534434133737084289	0.0#
237303029416211182911401551571467314139	2.8977834E-6#160528714542353058554423124753882573212 206829588703874224270276878384272084366 41465870706060606689699857814850788091 213594843155541106933242455763100395377 200266091901307780933716305179392873328
239340692183070239752581305210446890376	5.04348E-7#178162038715933857678029773540842287749 41465870706060606689699857814850788091 40804025343002910344057506944880783194 236954937805604448755852853693307437352 213594843155541106933242455763100395377
242456181710541686333964006779188253293	1.1772508E-10#52508149669061510817327887049831564219 66768204399459328209830463236985352990 214935770901222293520444319744915791734 269136737031028375564560289391598113735 90986070951804258496510374667983417409
243596094153038363784576239416496261405	0.0#1712967822958713490055716528324178036 241126828670820883402734062751553380026 134510205270280390968778444643228859708 203557631930978181035467048946902142883 126294456530018525530300841927680886689
244982839912724636466904545648598283851	0.0#
250645326908897360198543496570936576494	0.0#
255868006848384875316744153059252650813	0.0#311218742172378233346616275946093821692 192154715105221442751576474634797839778 64032941963750223601505696787123138445 259479793941959149960309933682866059975 304479433570707725189490986150760328430
257041139748340606788653307929537758548	8.8101115E-7#119337412437940133144881923208049882442 203557631930978181035467048946902142883 1712967822958713490055716528324178036 206657420787526184357559109338189005491 231166512711259117298673403487914953168
257241199191765762632860411870120657222	0.0#
257261464452074213578381955964079192358	5.486294E-4#
259479793941959149960309933682866059975	0.020454643#64032941963750223601505696787123138445 232017721672467270439231252303314481279 311218742172378233346616275946093821692 53574257330649294493201710463768238244 1712967822958713490055716528324178036
259650568768850733725800972523005911444	5.497558E-26#
262347468142395928794201350067329995445	0.0#
266227230907055101259698142598490646910	0.0#40711791996792178543005192728170043348 63603126664078514456756417579013826659 202216933840780194364528922745953751453 293426024629408995337009034756753103587 87135405281944426295121704696341887447
270621993393938770588250591812468439553	0.0#73439588521435125800966339236828075942 284510239251910046427593057486449185085 145426432921133749317922477714102706808 228651350806002150134610067219555966453 37233317212491938378092167824196308415
271843036471429063361520119848131312695	3.5179283E-17#
272496827425169888514167691039243301648	3.0236565E-25#225671992739282931529650585277338418550 103751910713428188153876680451043826394 304479433570707725189490986150760328430 268706337336559760426165753987174407381 156471617313644419826686265789184402299
275618801776393294661361405274637676548	1.3743895E-26#16977202360526930553419230011542604217 124859441080509912063662332625764656907 6554984456563444621310461374890248205 223466075245694535756014787795538624223 169858908904277126273409097504561707491
283135967434473553326014216616179183062	0.0#308183573719544322355754103234912136621 209424659118912479046205327913078290397 327270807502581547542119541089927057366 282296033283148466474424413949611595454 178323052824258282451222141492114231086
283627745954457737237310947425514387928	0.0#214917686594559236497547622533457258166 39570154188703148409826824947473152206 39016977094134687121681101995968924050 305487686777243035377306976209025801327 61639578105455915893271811994577347077
285251749780718848044486666203007691216	6.626686E-5#158177737747677064520155153709620867465 308183573719544322355754103234912136621 336891660792701385445639420434677598578 282296033283148466474424413949611595454 178323052824258282451222141492114231086
292095199935464449347796662055365909917	2.9519895E-6#
298271246873301082784834016749813825233	4.8653982E-4#188707161876881368151749409735958468935 30553706473220191100666634885719224043 111257280451793193824374427597463279604 119337412437940133144881923208049882442 138828430001799742448070816344964599390
298581435612546614900215212111219865104	0.0#
299980293292778188219924870943111277692	0.0037910177#
302220634391745954130200016629879702498	1.8705949E-13#
306208238523143405561205202798291623947	1.3743895E-26#145426432921133749317922477714102706808 322158256461752680291062953086773382864 1111045540444303396409349607180772562 284510239251910046427593057486449185085 102433906110463657331397577460361730049
310333554929793515398206690132226740769	0.0#
311109874807180587440981028548942248254	4.1231676E-26#
311147285433798183409351376420083515586	0.0#111592415086064977921210056825105941023 131489161104405383215232049392489555680 326881041311274087926308430764452211261 196305114744412495753140177260276682511 157923600072653001580400418009144747720
314133972350469950886468529073745765513	2.1572218E-7#
319209338024682405239818411632331966699	0.0#
321547750334109321333181618720766632099	8.562821E-6#99017489027990616389103623119217536367 56743813086174805638605947418850487546 103751910713428188153876680451043826394 182254940253123281529874683178469352472 313422863002487949629318495440367897234
32642398602684022200455961197872455369	0.0#244422592492833930338122932610661505888 215682306944828836714538752553568422262 61518228462803140783461494507846498585 184111238320073379833499299323496890055 185374542571355410002145968550212686663
327270807502581547542119541089927057366	0.0#
327658565377581386054786832653365318830	0.0#
32838168667501553588530521917774209283	8.880394E-7#287271366208899636113529409531582498336 209516636680095386400125718785147219475 119337412437940133144881923208049882442 155789302963045747154886064662059249546 60646843546206948765161807347657913676
328550557086043821359790190110089677443	3.0525695E-4#64032941963750223601505696787123138445 119337412437940133144881923208049882442 1712967822958713490055716528324178036 214917686594559236497547622533457258166 134228243943421288073123661490827030844
328553535867070724830587745742314780321	8.9147055E-5#
32992005369414821559907704237129146938	0.0#
332432056387570096804328965819651806140	1.3743895E-26#236144123939018054448477496965018031089 58653172603566117405849054061558305099 218283437144131328317082295154756713482 334502150487487806357973337995239569281 227889903926694618128463611203226457971
332848914341590321772893124422282038432	1.3743895E-26#64032941963750223601505696787123138445 119337412437940133144881923208049882442 150016628603125493188562099221056237789 4060477310201778728807173212534938487 113549645950665628008277107245374917408
336304488196729041882655360783810355989	5.497558E-26#
338709938303293115883492975135761152484	0.0#320579673141759171051541730579131240563 146585083062609027889052947557225704606 97452111040691025819770706416253463795 121120469509537280483082175265358922427 153733724025981095598605976315084440704
339792013486778754324445900759729938408	0.0#133115618397863597710420164676453872319 159786960369200446502924129953649096332 209475270423138084561355783618457470650 21766214071860098894365153343929717398 122456283963538926182045481081906672131
35565269141050407662609217766805623804	5.085241E-25#
36258203032401108937227082220143123807	0.0#
39016977094134687121681101995968924050	0.101364076#335958199282017917540862336458539028159 81083871557970115297473966106678560670 269011742891273932588164655856253091447 131802765080162628666440881374317948788 333167821653463323235971345946071414244
43818979484444404209785013612958785680	6.733755E-5#
55592714903392167844763837449122704099	0.0#
55609466917805955510944158148434223728	2.3987539E-5#151583073912349509242693680304935036336 69717665715511847251802046096778662229 113549645950665628008277107245374917408 159507249648570235404402678035222018665 4060477310201778728807173212534938487
58606255529301943551487142007659882660	4.0478595E-16#247386920618901500008409563792998009258 64032941963750223601505696787123138445 156898035471859568946889328080176715580 182912734431941219465477914840537408900 232017721672467270439231252303314481279
59259565895091773748363920240649884032	0.0#252887159163114061562639706764604343072 159507249648570235404402678035222018665 111592415086064977921210056825105941023 256286661314856012231102782882476384271 44108184101026407154493490072284596209
60824000784321562747715800116027112296	0.0#337893577159762039868646251023859051151 327853192196880886425303038282716087990 158689435338304033814567691214955197194 119860986208038731102748335426617432263 143520865019680325426336923185774788360
61674933482082755818337868491439943467	1.3743895E-26#
62794112935980654899276582508597694696	6.0186577E-14#
68776687549495554256017727745779500687	0.0019120068#
68900692350549588855469811854487423112	3.2117905E-6#119337412437940133144881923208049882442 251476470348624635163227820239884678079 256286661314856012231102782882476384271 231166512711259117298673403487914953168 10859902327906859584103309082276359219
6947485677560689449244294721865832204	0.0#
71408312164539231835469193784941935830	4.5201113E-17#102441775703546131985870445781259609353 252950999285205049564949480818988273159 229976412844726950040947127043148777229 244595012171685154125505490489576027779 129946109599872752306864783036668684478
75158254874234263555064933169689530464	0.0#
77139134613011749151349238646035009737	0.0#297374785399763103585091698464920065308 99565894347562893925173979972985031952 149553462570695970626469911907336755070 122456283963538926182045481081906672131 204587929431728657973029330969416892526
77282496729045770526347298112320501712	9.661292E-19#322882148629195540929823274987120580759 208600741189891258834181747340295805766 63603126664078514456756417579013826659 129783864595772763185422593755397850589 96056664179343263141077800777676845610
89428626876922391736643081412940471355	0.0#
90438258817596782322581525409170300697	0.0#
9371641823894292071536551790930251428	3.3224293E-8#
96610377384837146561721552201909681848	9.00717E-21#
96612046478955483042238678574516664088	0.0#
98522594040455149612755710228055564039	0.0#102441775703546131985870445781259609353 94032145746382817202692924040209484824 166512322004995566323543726904471015240 48160741792489412484669297476700736980 58606255529301943551487142007659882660
98785897548267790366131002195149072013	0.0#
