100386958497902375517599994145062824662	0.0#
103751910713428188153876680451043826394	0.0022962627#
105248062178156093335709732175187660031	6.150852E-17#66771266297146152256659304342382641825 193623511243159293844907697922976244823 178400067990794464085255600198089800280 103751910713428188153876680451043826394 271843036471429063361520119848131312695
105991900530603080721578030961178554534	2.748779E-26#252302662824471953669829470639062401878 276691997588870199359778880362283330008 131601999951882111799498816939012675154 97307014248294707745853762850001265547 99672394231935007355213885445322813872
106438889245068159798706282863525396151	0.0#25132382260607552234160861635816922774 203557631930978181035467048946902142883 9363917300422442913390367304873481229 80864486632161759425781019242157304936 328550557086043821359790190110089677443
110838606352139739555445183395293893813	3.7714397E-4#328553535867070724830587745742314780321 284510239251910046427593057486449185085 248107675026953395158100743559842808299 294418289840301973322672169300394924184 66128854632206510043570389209720048854
11117731057699028401701790895797708317	0.0#
111592415086064977921210056825105941023	2.3305363E-6#41366686585332486219168108007242821747 212022431141930958058908575831840928216 17918582899983140576437674916983704723 48006688997808259578387141138170531024 144900588505072883730646880311197783809
112189268181705087881550543725066487294	0.0#238392778971026717964897698637922720554 35415311967987007547493582356713072425 182660069952348922946309971448884911236 96612046478955483042238678574516664088 297374785399763103585091698464920065308
112435960761998944894505178654856575251	0.0#156471617313644419826686265789184402299 99017489027990616389103623119217536367 41465870706060606689699857814850788091 134510205270280390968778444643228859708 321547750334109321333181618720766632099
114360600484577487850383291957389811588	4.071185E-8#
115778192795129944388509032123176215803	0.0#329514159642796413289469468562482958338 93782778421507525736925725146632778810 267242688146802141355805713938286812549 247386920618901500008409563792998009258 151583073912349509242693680304935036336
119337412437940133144881923208049882442	0.012468257#293208902066217035542029563129938258121 245102152482178792697353407035423841442 156471617313644419826686265789184402299 138464469958462584178546176442966546936 97008356640547621048472268562410523068
126978704081246472668485988815255725145	0.0#159948468659453510858022854636218342293 311722313434291397422733953944035075370 64032941963750223601505696787123138445 94032145746382817202692924040209484824 233988019408743130905205477897543988855
127249724897478615720888027075625138912	1.3743895E-26#65488086675935445401848797325275441193 259151701102254669529073267058077722221 204957196011658600095910431271266245488 77252666231586858199352179696635942268 99672394231935007355213885445322813872
12825912909627263437587998089377067966	0.0#
130949811783170359378884800058564656228	2.4373532E-5#311841315898332644815785775785783420362 296215494038228126370351587672349120920 192154715105221442751576474634797839778 119337412437940133144881923208049882442 304479433570707725189490986150760328430
131288940559828542111550746248527082622	0.0#
131601999951882111799498816939012675154	1.3743895E-26#230341373002559335379568290815664316674 143105911989371816828245434764311206713 105991900530603080721578030961178554534 157265622456866863021756506206858758746 170796915791319302201461642790315544098
133115618397863597710420164676453872319	3.4137531E-6#219476629647390264792792064692327178772 4618248024852663188326731085254352330 253088904817458933144195353752119407526 97008356640547621048472268562410523068 189830925458022280300293042492324625047
133706470203129722454890247357968342719	4.1231686E-26#
141929379452989701788902716265969484230	1.3416435E-13#259513360477682676917999059645431749933 1484027231423131599348801871714235581 19661343561796558106448393180193665481 62794112935980654899276582508597694696 159786960369200446502924129953649096332
144147613721886967622781496188328993429	0.0#194221702577723228169667863237428460901 326498156094179407313719634162604517315 111592415086064977921210056825105941023 77281573284288730173068496984053185599 292962779791859245143905725771430827470
144855048485043689008438078637915677335	5.7030798E-6#
145148593682751227659459078313499688217	0.0#
148437981479211096058333797042500817570	0.0013467156#16957798726909295985633937543323968559 64274999690639712785781780918500307026 221922924981771659565470462298909419959 300964250774980133368386981144505556523 109275166593816131574062572700323251816
158423081121764262387408005565632976399	1.529949E-6#119337412437940133144881923208049882442 97008356640547621048472268562410523068 197268467573010312782956446123120496767 169858908904277126273409097504561707491 156471617313644419826686265789184402299
158689435338304033814567691214955197194	1.0582798E-24#259006862314254014323731641612838140317 230494478378202959878918034107190346349 53068019459250501764663325223340551801 119337412437940133144881923208049882442 223949373727913453897856317542159482462
159318836886529917886400383481793588738	1.030792E-24#
159703604837589910136209676890517091612	0.0#
163786944297909928701498366205793257058	0.0#
165054259022734528873375883945620324896	0.0#310509249514774452558014448740297346318 113145492763060609818649992429378943018 333167821653463323235971345946071414244 103751910713428188153876680451043826394 113549645950665628008277107245374917408
166335878613879962739443442356612593396	0.0#
166609368646940565447588468818183303012	0.0#
166654540613645651699981272549988911069	4.071185E-8#
16920268648653074292722750206284752700	1.3743895E-26#284719851931658564764813812810492637082 332848914341590321772893124422282038432 259382739539730749315267252347333249170 198945728335737647544617900492322410433 301963573155520767775226779585887193934
169858908904277126273409097504561707491	6.2788718E-6#93525152415939005147939695178168004149 221922924981771659565470462298909419959 158423081121764262387408005565632976399 114668847584713734252809403232894882647 282771991524459442084903916065826472670
174431685317370260878109516571571787863	0.0#166806543696108545769080538278951931393 72949154797847545727834336098516480298 225966502623566620587889748573646446323 219791901416970225609413866660192639205 145644986220141632467943583218552902860
174981110814447859697392188707683906043	0.0#108771242931156240061697931809834171942 14667587740516108455772245949347144161 257789485339256160391563895178361067344 321284177039199173819309543304779365402 41096784931458508541826559406080450925
182660069952348922946309971448884911236	0.0#
188707161876881368151749409735958468935	0.002061967#298271246873301082784834016749813825233 30553706473220191100666634885719224043 198968107965812983467725138874886500903 111257280451793193824374427597463279604 213388888274349038749820074481864560644
190117254533628700269628246443004775854	0.0#
190575554758618750466525139715750781981	0.0#
199777918445774220244523304012388334855	0.0#
206140374927697789703727673218751872879	0.001431046#
206325758007981694555758733667694072155	5.497558E-26#
208477673914101590792823026484190119295	1.3743895E-26#119337412437940133144881923208049882442 123140448791683636511599143765578386733 252383775401064529785178698946583976446 300678137642574612657156527332995967405 97008356640547621048472268562410523068
211518854429749589652065238867876544211	0.0#156471617313644419826686265789184402299 6787913316861345787390956387704381872 323015856038118564434694717923312395727 188707161876881368151749409735958468935 198968107965812983467725138874886500903
213388888274349038749820074481864560644	0.0023255676#119337412437940133144881923208049882442 188707161876881368151749409735958468935 198968107965812983467725138874886500903 156471617313644419826686265789184402299 257261464452074213578381955964079192358
214081982618080312543018689894936620289	1.3743895E-26#
216610057994866919986882443587365460472	4.123169E-26#58810157028892697732178883351379776184 40724268349673808439916910640183077972 1111045540444303396409349607180772562 294418289840301973322672169300394924184 101708949463828012886639418343203897400
217366736628542858224177716245632703549	0.0#230615147501782978403022783317768687250 39345272193205933963875441086906863379 194363375547542504278125482357581313383 333167821653463323235971345946071414244 285016278918672718947115932908117515871
226545376984213918972257388794698775767	1.6514039E-6#311526916461642893340144285886149315918 160528714542353058554423124753882573212 291160833840087182770075952996594873963 41465870706060606689699857814850788091 327895936531498448736003626767846136692
228328524531602818343752711494439392534	2.5099688E-11#206706609678464376908865685039624428209 140944886528556020613275173178438472596 284510239251910046427593057486449185085 131167479864749486559444155371833386687 249924898854624437365424824271288013915
228635509284719887173873089177598914962	0.0#
230711843959095204157983386500061178310	0.0#
231037312372783520147514970923469795797	2.6162534E-5#97008356640547621048472268562410523068 90905941323114040852132089841891288999 165761049798567581408148360859676925066 134228243943421288073123661490827030844 204016835001850544373571620662094989471
231166512711259117298673403487914953168	9.996102E-7#267455473623903804867807839983631468333 68900692350549588855469811854487423112 195832701359192881383358236460187938362 119337412437940133144881923208049882442 280709647108732570268479272516102803624
235446912309773666998832761928999650081	0.0#
23823865509461031111139649601087767999	2.4421201E-6#219323903603950409496351857096125566463 143892821185678952466026166876450538590 172656845945890887459823056829577678585 282296033283148466474424413949611595454 131005935568013059208143697309212147465
24022395146020002235939626029206480624	1.7869339E-18#
241829675753345939587326843120035906653	4.6448082E-7#
246999727129784288801565880950443544144	4.1231676E-26#161262726440654694474744832439312525647 206547569696610074153617921648436562788 239938647157056942507940067669966469024 195832701359192881383358236460187938362 118171249109744529510960692268475562110
248178235860248274975968751117946478083	2.1322583E-11#97008356640547621048472268562410523068 90905941323114040852132089841891288999 133115618397863597710420164676453872319 206706609678464376908865685039624428209 35386139449780388628201043300986906178
252622262946975471510573005203958990950	0.0#
254469489272380906234027965260983771223	4.5043692E-21#
256235885161986504998003703891641543475	0.0#291160833840087182770075952996594873963 231166512711259117298673403487914953168 25980680367076164905447266627833689054 276490320366814535122073203737638877168 209967875058244691571297644453422457433
258176606573961576371931050277215730216	0.0#
25980680367076164905447266627833689054	5.472147E-7#108771242931156240061697931809834171942 105312916104874090673939651062524701112 14667587740516108455772245949347144161 236292920458596108562120244860058739764 257789485339256160391563895178361067344
264183064410292325536684747521314643098	0.0037918799#
264310163331547111970682611246784385283	0.0#134228243943421288073123661490827030844 325173276409179636486644578323130654699 172656845945890887459823056829577678585 75158254874234263555064933169689530464 311628007407088020479093448693625464059
264891306289849237029064319718741017278	0.0#29690808837293560423406407084960405076 105991900530603080721578030961178554534 122375452220311692552445128508150038416 251813561025223651757780388801584966370 167589815323402224497594104106641416754
269404623608824028758974084653421300396	0.0#
272083217486584721499770523176104570691	1.8202607E-13#
273095251799834380228025686129635887946	0.0#
274002958698288420561643668581178831445	0.0#
276236110462159920079384702804294870712	2.2364464E-5#280061948337325255690839130639251304057 143520865019680325426336923185774788360 156471617313644419826686265789184402299 31387829440877120784936410464706540566 146699297930592807436162280873668642957
276691997588870199359778880362283330008	1.3743895E-26#150016628603125493188562099221056237789 311218742172378233346616275946093821692 64032941963750223601505696787123138445 232017721672467270439231252303314481279 53574257330649294493201710463768238244
277408202628260113749690402376079009218	1.416727E-6#
280148718988528594659563223735297252161	0.0#
281369044571928390262066600201322160945	9.2039705E-4#
283496620692447214380442906790376749353	0.0#
286273464132351841690662945683067122880	0.0#75158254874234263555064933169689530464 119130924790163007148451560600107241195 229976412844726950040947127043148777229 284890347846316027888826461837199819661 95389285824145113392551440829866916376
287721965217585161441143669939341161529	1.3743895E-26#262249437762715069479435535480051060777 284510239251910046427593057486449185085 153047230633135380764526642764689280072 310785703263243300259382535558461780551 1111045540444303396409349607180772562
288579276869396884490477187318172459648	0.0#
288829357811220692223588782926852869122	0.0#
289942191125387211444224128344704880499	2.6999887E-14#
29107470709479950854272678532764799346	3.8173344E-4#
295245102562518401462017412798657785140	0.0#60790608881825937255170583060998014729 133880215739066861958106161914473540037 95560175400544789812252478181447683337 153813971446222387699867657348902854798 241126828670820883402734062751553380026
296215494038228126370351587672349120920	5.782526E-6#64032941963750223601505696787123138445 130949811783170359378884800058564656228 214917686594559236497547622533457258166 311218742172378233346616275946093821692 192154715105221442751576474634797839778
299644241297891269296104552626346255212	0.003920485#21042798774052607042177828475676971969 284510239251910046427593057486449185085 313329352324524212864809572673616148684 294418289840301973322672169300394924184 82916895421614049846264832830932849946
305055887780472398162373190880051357862	0.0#232017721672467270439231252303314481279 167514103735378783868836466534947995581 91597894598756424142105331497996451481 259479793941959149960309933682866059975 102441775703546131985870445781259609353
305487686777243035377306976209025801327	0.10280309#263777946041694877194085702269294990488 269011742891273932588164655856253091447 131802765080162628666440881374317948788 153813971446222387699867657348902854798 101253177778106934462768525779128978970
312848959585944343729559851216279192765	5.497558E-26#189442247501195041328552484873507522411 217567122762268266175139221449343657135 222275189319709001558975797976595268240 102375388445416249164158266809753704026 273946542828741584392295048581115979564
318140890803294366772501394666617926433	0.0#297434906996176143366634849758284824817 199582685523712194721646283937875604578 65658299683644780672209127506309057929 211755656033325517438002289334198413221 269404623608824028758974084653421300396
320579673141759171051541730579131240563	0.0#134435744855646355952850680405797401519 118237428038526119387931510171031393714 8560955277094323405579237392850891505 198212111904620085060652865216111586382 114027039165745117219809882105523291978
321685799059675915289286190778872363335	0.0#
322882148629195540929823274987120580759	5.557266E-19#
324797022094703200415067601271888198827	1.3743895E-26#285744849860025721978108914885476784756 206829588703874224270276878384272084366 186952102504667897618646614600561051609 30446152723884487427014048668234112180 156471617313644419826686265789184402299
325173276409179636486644578323130654699	0.0#
329514159642796413289469468562482958338	0.0#
33440143659931607907821278315962500418	0.0#
334460484124321326784840560775422993325	8.6333755E-5#18982631704975989674089838829900151425 230615147501782978403022783317768687250 231037312372783520147514970923469795797 47221850307928936990965387708256487278 168395577420593164240039041132588190035
334502150487487806357973337995239569281	1.3743895E-26#
338011188256967499822890769027519106679	0.0#97008356640547621048472268562410523068 40804025343002910344057506944880783194 90905941323114040852132089841891288999 186952102504667897618646614600561051609 221164272451704998254712582512671295986
35415311967987007547493582356713072425	0.0#
36325170373664883712833614023391433446	0.0#280709647108732570268479272516102803624 204924805455167904510083928270251329153 156471617313644419826686265789184402299 247514764640856458568531371123603961997 56743813086174805638605947418850487546
36663043839171834391743248567475720807	0.0#159033116681281466126539551682703167208 1444138294192300134544450487349459744 109181378682023258756778695803255416804 206657420787526184357559109338189005491 133880215739066861958106161914473540037
36799327235429976975099865563035675993	0.0#196277491111688747928007347573624250320 97008356640547621048472268562410523068 245102152482178792697353407035423841442 236954937805604448755852853693307437352 82247681098100387520514905650468531021
37595325507378965165773130005884255841	0.0#
37887812205584685651731191817385442184	1.386257E-4#
39345272193205933963875441086906863379	8.107108E-6#35386139449780388628201043300986906178 268706337336559760426165753987174407381 284510239251910046427593057486449185085 177660589821500577494164998694349107711 182254940253123281529874683178469352472
39973340393071191277061410081644097755	2.748779E-26#287528639354819936239758591096445558638 123598423878310268013443718841679922367 163157784307976158982547457583806700509 277408202628260113749690402376079009218 149553462570695970626469911907336755070
40277029304860780119282282746036066781	1.0270119E-6#268965172181070736928728105643187994746 97008356640547621048472268562410523068 273003062425606758708810039714123257959 90905941323114040852132089841891288999 41465870706060606689699857814850788091
40711791996792178543005192728170043348	0.0#
41366686585332486219168108007242821747	5.678729E-7#
44108184101026407154493490072284596209	0.0#
45605956412484431207195195408099363383	6.6404483E-19#257577024083018851402173832058441705417 156471617313644419826686265789184402299 38974809964672384410431758397205172488 321547750334109321333181618720766632099 107566969997167953227726739954543226999
46366963470936047536085217718285807145	0.0#318131986219228336750687904972012068607 29941166707243568484996754957477176002 170796915791319302201461642790315544098 211573749646732793391680446947578981451 297888678748967276840577303909412369383
46594602350023807652904750631933548170	0.0#267455473623903804867807839983631468333 1712967822958713490055716528324178036 102056784780448940861003332621124185096 42251458076127011896198057494079202956 233988019408743130905205477897543988855
48982051175776146004878765506079449561	4.5661196E-7#
49656604089735317723048369504923390318	0.0#
50601416135921929721729247597828697747	0.0#125087506144108508443093485443742227044 302220634391745954130200016629879702498 228651350806002150134610067219555966453 156471617313644419826686265789184402299 133115618397863597710420164676453872319
5172085835453035087010520322866036757	0.0#148126868816761418158364424559019143329 146904527384791289554006141974788664470 322158256461752680291062953086773382864 36464299610993031523470215706205601640 144147613721886967622781496188328993429
52094553991153909078738775970064972508	0.0#
53749052749580489125791791896076309708	0.0#
58810157028892697732178883351379776184	2.748779E-26#216610057994866919986882443587365460472 40724268349673808439916910640183077972 206245629516386798385157880417661883178 294418289840301973322672169300394924184 194363375547542504278125482357581313383
59870759968270295183953265584451018596	4.3712885E-6#160528714542353058554423124753882573212 41465870706060606689699857814850788091 156471617313644419826686265789184402299 209516636680095386400125718785147219475 327895936531498448736003626767846136692
61061509773560296549127988509020204101	1.3743895E-26#
637114970816755370956392831531675520	0.0#
6554984456563444621310461374890248205	1.3743895E-26#275618801776393294661361405274637676548 174798014826087001109402970076314476225 75523267664087879139363872826585119081 320623492523177418308141946212497002190 169858908904277126273409097504561707491
6769478246725760298479752376121667673	3.2498043E-8#103751910713428188153876680451043826394 57784833027368190461068441636837775649 25980680367076164905447266627833689054 112705218185586613053023200466661570847 286064436384699398553699470983869204052
67827529511450230155313185639066918797	0.0#52756251097512406143265226132316392015 269404623608824028758974084653421300396 297434906996176143366634849758284824817 141065561658516677599947652607253940763 326733570214136746005183239776497709794
71378364055159061822257361264198199420	0.0#
72152300462231256466344770950229615689	0.0#64032941963750223601505696787123138445 259479793941959149960309933682866059975 150016628603125493188562099221056237789 232017721672467270439231252303314481279 214917686594559236497547622533457258166
74230630673198989928631962194593416584	0.0#129946109599872752306864783036668684478 206657420787526184357559109338189005491 211325144763102254899290493898728071080 168395577420593164240039041132588190035 105312916104874090673939651062524701112
74876126461050445901916903442067575015	3.2985346E-25#
75523267664087879139363872826585119081	1.3743895E-26#
75848478160215886341330894882862174140	2.7487792E-25#134409876727261724476478082572530314119 97008356640547621048472268562410523068 156471617313644419826686265789184402299 209516636680095386400125718785147219475 206829588703874224270276878384272084366
77183419648961089391396971817159252997	0.0#214917686594559236497547622533457258166 126978704081246472668485988815255725145 66768204399459328209830463236985352990 333314932586295354289520394842689795022 296287786238197317133300273858854792
77281573284288730173068496984053185599	1.8739244E-6#64635089299589494629421455290149705069 111592415086064977921210056825105941023 17918582899983140576437674916983704723 48982051175776146004878765506079449561 258445086495839543554432541215269526128
791748818720304333167735462272434643	0.0#188275037395885823947420702423042825057 258709176864599488288795922563110407305 158177737747677064520155153709620867465 266884449737532338418575298340737740601 336891660792701385445639420434677598578
81526703935917914881923287590258869198	0.0#
82115251859512305467122541804482239805	2.0273387E-7#
822132631194488640169590168484214486	0.0#
82223968693847358784641963476242618054	0.0#
84045234160908319109202860606482089284	0.0#
88178239592512497735807918836702160344	0.0#241126828670820883402734062751553380026 301963573155520767775226779585887193934 195832701359192881383358236460187938362 37887812205584685651731191817385442184 1712967822958713490055716528324178036
90986070951804258496510374667983417409	4.403484E-11#
93163636655492185344438311217608314085	1.3743895E-26#133706470203129722454890247357968342719 4792706302046726222960881736122117416 134510205270280390968778444643228859708 119490452748626268898184093531629908560 159211250830612146645619120356348460945
95323639657981432560437169790055635745	0.0#237163395299574772932379580233955753627 32838168667501553588530521917774209283 119337412437940133144881923208049882442 287271366208899636113529409531582498336 173658900651743084074739271585309087036
97997281176622335738949697297277771187	1.3469335E-16#
99448437978859023238923608075184129481	0.0#326881041311274087926308430764452211261 156471617313644419826686265789184402299 291160833840087182770075952996594873963 97008356640547621048472268562410523068 206829588703874224270276878384272084366
