102375388445416249164158266809753704026	6.871947E-26#
104215179132394786930842126650948483120	0.0#
106430375671528733752657382962103359417	1.3743895E-26#1712967822958713490055716528324178036 37887812205584685651731191817385442184 166512322004995566323543726904471015240 267455473623903804867807839983631468333 260907912469185546753718338665745404926
109181378682023258756778695803255416804	0.0#
112296511160766470112242232824934644059	0.0#
113054866165111327940636474092956819997	0.0#
115320490188160438456734251302650630738	0.0#193114741835148714857603500318795434468 267455473623903804867807839983631468333 83378741702044348075633444191258588116 195832701359192881383358236460187938362 25980680367076164905447266627833689054
119827365515155217769636073624848369324	1.3743895E-26#
120618415008319522683928976141490770258	0.0#40724268349673808439916910640183077972 294418289840301973322672169300394924184 14422838876333252177147022771297875842 93525152415939005147939695178168004149 76777647797893552212673775685563208776
122375452220311692552445128508150038416	0.0#
123901275374859078470938448335451979891	0.0#151583073912349509242693680304935036336 106526060101409293450144212544228203120 119130924790163007148451560600107241195 75630582873166975397758674224909803524 312848959585944343729559851216279192765
131489161104405383215232049392489555680	0.0#
134912212265104509899490636587387286579	3.7714397E-4#299980293292778188219924870943111277692 284510239251910046427593057486449185085 40808820736032179966412699613272368449 145426432921133749317922477714102706808 248107675026953395158100743559842808299
136731532154395050781837511267275758704	0.0#
140564574487429310261815530780405305263	0.0#
143892821185678952466026166876450538590	4.0029913E-6#43818979484444404209785013612958785680 258709176864599488288795922563110407305 254848115038737725256243484303083936347 23823865509461031111139649601087767999 134228243943421288073123661490827030844
144066519922434094599994408074905142206	0.0#
148126868816761418158364424559019143329	0.0#36464299610993031523470215706205601640 202468649311692074995337155429578545614 146904527384791289554006141974788664470 241697203670048514198090719336351080494 62478413123117037664208709690558865763
150750614083292463779514312469170503147	0.0#
151918721892297512606067247915566022116	0.0#197053847843175297220815286829356545779 231166512711259117298673403487914953168 126978704081246472668485988815255725145 156471617313644419826686265789184402299 121120469509537280483082175265358922427
152448384180073577544212076174298541418	0.0#17993643191360235770558527116788816959 31066040057175855532808651337575436903 1169390557482135722042331993712951686 212377801703093335732312462814085848264 14011286245753718478165096797397724530
153813971446222387699867657348902854798	0.06518854#269011742891273932588164655856253091447 131802765080162628666440881374317948788 305487686777243035377306976209025801327 157265622456866863021756506206858758746 241126828670820883402734062751553380026
153852765250835886630117735558367161084	0.0#35324943753210272510974086341092699841 221922924981771659565470462298909419959 111000120156354759379269857878691545820 88960064016464075073204811650534633697 42084049481446748089027900829543966104
154701293236258758641933469372955735252	1.0170482E-24#
15762823868486490736040136153350524528	3.4397493E-7#
159033116681281466126539551682703167208	1.1797417E-4#
160528714542353058554423124753882573212	7.123817E-6#59870759968270295183953265584451018596 41465870706060606689699857814850788091 291160833840087182770075952996594873963 206829588703874224270276878384272084366 237303029416211182911401551571467314139
163611691569092368127821630741061698327	0.0#329514159642796413289469468562482958338 84045234160908319109202860606482089284 238706853608781605526589384373765583135 294404155133923882671743299871817225963 104828107203992490847021457928552382733
165761049798567581408148360859676925066	1.4934025E-5#97008356640547621048472268562410523068 268965172181070736928728105643187994746 148338284019512431565053171909775861449 156471617313644419826686265789184402299 145426432921133749317922477714102706808
166740132595393724599007866757249786604	5.085241E-25#
168669197072143013939701671935113276536	9.771612E-18#
177660589821500577494164998694349107711	0.0013149248#232017721672467270439231252303314481279 331652327833785348676066748797862686293 7656207312488016372076319126590443714 39952014804778382411505257856610983524 259479793941959149960309933682866059975
180607298426806311049953893623420590300	0.0#64032941963750223601505696787123138445 214917686594559236497547622533457258166 218270384072050976732837734318678136094 112435960761998944894505178654856575251 182254940253123281529874683178469352472
181085377950487257231982077442668193375	0.0#
1814856071422752731734608766203086336	0.0#
181489149820087729600862047626072972613	1.0404285E-6#
181834637543208778424710138222870487966	1.3743895E-26#
185081002190082772328465718460759054214	0.0#
187761483688044272014038918173073982109	0.0#
188300487680262350319162230747565051293	5.497558E-26#
193114741835148714857603500318795434468	0.0#
197053847843175297220815286829356545779	0.0#267455473623903804867807839983631468333 281369044571928390262066600201322160945 102192639850571114453551533463128312141 8560955277094323405579237392850891505 188941139326802134304804514791175301038
203278629162866036151063589013690069812	0.0#
206159037501395962844109751697223113200	0.0#264183064410292325536684747521314643098 295644821699717243647548537138873875882 294418289840301973322672169300394924184 101708949463828012886639418343203897400 40724268349673808439916910640183077972
206722534884283739190209957381842787643	0.0#284510239251910046427593057486449185085 82020888655203869802480341185936050668 102433906110463657331397577460361730049 73439588521435125800966339236828075942 299980293292778188219924870943111277692
20808301291665560501501450248954657805	0.0#
209424659118912479046205327913078290397	9.4849005E-5#158177737747677064520155153709620867465 308183573719544322355754103234912136621 134228243943421288073123661490827030844 43818979484444404209785013612958785680 285251749780718848044486666203007691216
212022431141930958058908575831840928216	2.4417973E-6#
212377801703093335732312462814085848264	4.8012132E-11#17993643191360235770558527116788816959 212293200793035853288343529900682309203 82181131717090620735478494296819771934 174955013024569271691190563672403787392 272209365812442851485211847068039289312
216447409280972698690390348918908338946	0.0#
219778066938364720249498415075674447813	5.497558E-26#
221531563851456040601276077165529529089	0.0#
223162452926442822663802375729223826210	0.0#103751910713428188153876680451043826394 209516636680095386400125718785147219475 287271366208899636113529409531582498336 327895936531498448736003626767846136692 173658900651743084074739271585309087036
226459793527890108376230248114443136359	0.0#106438889245068159798706282863525396151 126978704081246472668485988815255725145 174981110814447859697392188707683906043 197053847843175297220815286829356545779 168395577420593164240039041132588190035
229379975052186673345343021571432625722	0.0#
234764616561767221281368763095897678377	1.3743895E-26#118237428038526119387931510171031393714 241126828670820883402734062751553380026 102056784780448940861003332621124185096 336304488196729041882655360783810355989 118101895349641699059424577213429127123
235766636254681444131629007561522031293	0.0#
23628581743483740085091836725288647662	0.0#26216718327562121767948086157192852315 182254940253123281529874683178469352472 172014891289754929411067114408017222921 133706470203129722454890247357968342719 166512322004995566323543726904471015240
240224301573841502038305965245995255622	2.443068E-11#140944886528556020613275173178438472596 290817783841057944103641881046506903024 131167479864749486559444155371833386687 38946220665192335948674367006265296497 295429788762988877631658208805032729954
244595012171685154125505490489576027779	1.0156605E-16#252950999285205049564949480818988273159 233988019408743130905205477897543988855 174698056768538838483499282126383236691 247386920618901500008409563792998009258 232017721672467270439231252303314481279
245319562461463944961253238241412625303	0.0#
247474530130024336606000171869914924708	0.0#53601822895735731016373197427241307859 58496930159187676550020406168482011172 188580221850008893185684697176689312492 17993643191360235770558527116788816959 179416559937458027777718482951397038829
25142062070627633972110115570682023714	0.0#
254910706308470262299936906317406775205	2.878914E-16#205813977632542686978302900747896098452 156509537170359113084225062009463996849 182254940253123281529874683178469352472 10176627865937514691665694800938673879 213598893765527110122544493061075044857
255570163263014291056603670066843438939	1.4919751E-11#
258445086495839543554432541215269526128	7.690537E-6#212022431141930958058908575831840928216 111592415086064977921210056825105941023 77281573284288730173068496984053185599 17918582899983140576437674916983704723 76475794897674139115079300507384148957
258663083896289964667494567018462133370	0.0#
260410541390850934031731990734232632085	1.1272574E-18#
261363233894904173475552950308040612372	7.2065154E-21#8362419169665894435170479189366384739 76777647797893552212673775685563208776 256878780547481084668685399506064110158 254469489272380906234027965260983771223 104151763007088162975342536814409676728
264564129602397840750284801937741729792	1.0744471E-18#53499654469763609741055016068212133124 214917686594559236497547622533457258166 263942243258690050823094294762517161188 257577024083018851402173832058441705417 246088857517589628094858926687688587113
264610719605252106840731745539394510999	0.0#
266853332376908898842024688347813685252	1.5632298E-18#286213462383928139388238931629235228105 63603126664078514456756417579013826659 214917686594559236497547622533457258166 157265622456866863021756506206858758746 140332502282261132095754163613377410388
267242688146802141355805713938286812549	0.0#
267287940771479999939515185898594342724	1.3743895E-26#
268565818968773550299041364401485212080	1.3743895E-26#
273950174879484556956706547965836341095	0.0#
275743095375907876898572249435904575239	0.0#
276404501448333266071058120832977564302	3.2880243E-7#97008356640547621048472268562410523068 67732414685453698948206925442073393351 253088904817458933144195353752119407526 133115618397863597710420164676453872319 50909355370552875789979773906521774914
278775465806960981864459414938256842350	0.0#
2805469862786376798065562428221719193	0.0#
280987814823315258470350152396074521042	1.3743895E-26#68900692350549588855469811854487423112 334355692478423953548743020917560380839 253050061113968630936378768708535821722 99017489027990616389103623119217536367 305592946908923458106816572400783261258
281054109895656823819102530025139200494	0.0#
283711981536717174787163453570507204360	0.0#
284719851931658564764813812810492637082	1.3743895E-26#
285744849860025721978108914885476784756	1.3743895E-26#324797022094703200415067601271888198827 206829588703874224270276878384272084366 156471617313644419826686265789184402299 75848478160215886341330894882862174140 50909355370552875789979773906521774914
286830164119790435410455891794296964404	0.0#
289524850305361165946991052586600049312	3.4397493E-7#
295644821699717243647548537138873875882	1.6087239E-6#219662989410742381907274870371893701234 294418289840301973322672169300394924184 319852845746414394372959735355910262293 122456283963538926182045481081906672131 264183064410292325536684747521314643098
296287786238197317133300273858854792	4.2322503E-7#70614991611688538212611206541783540692 203283275011638299234436155267299738953 119337412437940133144881923208049882442 257720038771291009590319852168259822381 269011742891273932588164655856253091447
300140270765117031834448077403511965250	2.0329313E-5#
300678137642574612657156527332995967405	2.0766354E-8#
300964250774980133368386981144505556523	0.0012814184#64274999690639712785781780918500307026 16957798726909295985633937543323968559 221922924981771659565470462298909419959 148437981479211096058333797042500817570 109275166593816131574062572700323251816
30446152723884487427014048668234112180	3.9853626E-7#186952102504667897618646614600561051609 76475794897674139115079300507384148957 38974809964672384410431758397205172488 46453168293124023263534060175442306570 93525152415939005147939695178168004149
308183573719544322355754103234912136621	1.2270013E-4#
309242625360340692433307752520920929572	6.53524E-10#
310785703263243300259382535558461780551	2.748779E-26#
311628007407088020479093448693625464059	0.0#
322158256461752680291062953086773382864	2.748779E-26#306208238523143405561205202798291623947 145426432921133749317922477714102706808 228651350806002150134610067219555966453 73439588521435125800966339236828075942 1111045540444303396409349607180772562
322450448074712120580424515309792117737	0.0#
324306232354516217219814292716611951204	0.0#
326778678863558985598569613644513680776	0.0#259479793941959149960309933682866059975 64032941963750223601505696787123138445 214917686594559236497547622533457258166 223271324239482583023608235690793612285 274924694804589830339031007244470451379
328461805954871948132853721150718876113	0.0#
329599603108734278334148246333059199223	1.3743895E-26#64032941963750223601505696787123138445 311218742172378233346616275946093821692 214917686594559236497547622533457258166 281732087925253300885324600292861215365 94032145746382817202692924040209484824
333784319320528874084789414957865485981	4.4557797E-7#211948570806114366813953794021949993845 160643520295805188068316913566618425244 321284177039199173819309543304779365402 257789485339256160391563895178361067344 108771242931156240061697931809834171942
33709755248290395139972338376884020080	0.0#64032941963750223601505696787123138445 156898035471859568946889328080176715580 259479793941959149960309933682866059975 214917686594559236497547622533457258166 311218742172378233346616275946093821692
38105735415667864880313117056631769996	0.0#209967875058244691571297644453422457433 158689435338304033814567691214955197194 6947485677560689449244294721865832204 253806679067618651434861435324408458460 267455473623903804867807839983631468333
38946220665192335948674367006265296497	9.51283E-12#240224301573841502038305965245995255622 140944886528556020613275173178438472596 334460484124321326784840560775422993325 332592735244466419185908092918010684096 295429788762988877631658208805032729954
39955537522925736718131116213778955368	1.26100486E-20#103751910713428188153876680451043826394 68900692350549588855469811854487423112 236144123939018054448477496965018031089 41734731319293035665202985872916672431 56337000073665622242053648669958322185
46707388966133553612822224621149802453	0.0#145426432921133749317922477714102706808 284510239251910046427593057486449185085 163786944297909928701498366205793257058 169800050351454197940329453098389673689 88960064016464075073204811650534633697
47215988329247811786780476270648420809	0.0#134510205270280390968778444643228859708 329412344354707289468041222135415491496 193165043979442454049304779283599176178 53333315599016815788003271131651748538 111592415086064977921210056825105941023
48006688997808259578387141138170531024	5.678729E-7#
49450034838584590749072231500596589863	1.3743895E-26#25789775770288576375218033720716054080 188300487680262350319162230747565051293 129686513449706494504806906614854225349 293424981125188213428887667331313880139 174880768108554024212700661872967755100
52756251097512406143265226132316392015	0.0#
54264843816182171564219739148158043285	0.0#144066519922434094599994408074905142206 44903403349722751247156871680392378975 122456283963538926182045481081906672131 55984931786486845790062718926455508193 198617217593367520825692431643465351107
56743813086174805638605947418850487546	5.257062E-6#
58641614699391282827211482706296963111	0.0#
59269441443004723340504683642983052043	0.0#
61458598785378945829606421065182662879	2.4742866E-8#
62713390742272930434272950186583754822	1.3743895E-26#
63603126664078514456756417579013826659	2.951197E-18#295181469094633675005210868363233909843 202216933840780194364528922745953751453 112896784895756915039494822109885144847 87135405281944426295121704696341887447 212558351644410563712335285352182276046
64635089299589494629421455290149705069	4.5661196E-7#
66771266297146152256659304342382641825	7.2396515E-17#105248062178156093335709732175187660031 137243189830618968906999516584231304228 64032941963750223601505696787123138445 80864486632161759425781019242157304936 236144123939018054448477496965018031089
69717665715511847251802046096778662229	2.9690618E-5#
7024009110684364163508848818060490808	0.0#220854412085986767416841241479255679790 165054259022734528873375883945620324896 230615147501782978403022783317768687250 272209365812442851485211847068039289312 229357718290038136302911920120915324256
72282851154969919243436433414175723321	1.7093107E-17#284890347846316027888826461837199819661 264534222123843116084905648992884066344 168669197072143013939701671935113276536 269011742891273932588164655856253091447 147157785195025897913289327507587874877
74816702047809600314166852358893648366	1.3743895E-26#23405446666955137713539023989002667566 106430375671528733752657382962103359417 166512322004995566323543726904471015240 245936186975880467856487621184559854673 133706470203129722454890247357968342719
75064076505977725338287561605216146024	0.0031264483#
76475794897674139115079300507384148957	2.1871515E-6#162872578049868174014268833537947034562 177001098496485503758876501498406627032 326881041311274087926308430764452211261 165112824130588477791964759693104316397 83624382454629768688587941152262588748
76749811809679181089218493577440177938	2.4221275E-10#66768204399459328209830463236985352990 52508149669061510817327887049831564219 200261710051207532899617895804989628202 269136737031028375564560289391598113735 337792695698017497180645505294594536964
85344610098904752098395215454765675909	0.0#232605736845560495327919230607463584523 143199052716447710750888642268092007606 134567993833297934526922859992729401427 298904983363966861565707535675512979251 103071109722346685705295529441711403226
89862040641499739583098962734790280412	0.0#266414622095276697463594124741589816411 6665349767382913334915365978787479225 49450034838584590749072231500596589863 42188643470775289265098562464962849675 132722440075349855947161238635114232802
91840418905593167808340300138776939326	0.0#317322452162442035993836611926286994940 194342360729127002842875026036166398672 114438936468572140875076799587408758856 111000120156354759379269857878691545820 40363530771271479597272379067355322250
94378894197004737386536383691925264742	1.1905706E-4#
94924765878547948393269757311093063803	2.8913195E-18#68900692350549588855469811854487423112 177088185248188156729087793890761076196 52380554279944803568908050986400784918 203557631930978181035467048946902142883 21536911934284225032052513752060030776
97307014248294707745853762850001265547	1.3743895E-26#
98795047368485948706539790961786723856	0.0#244422592492833930338122932610661505888 285070489513123957209659176214619361296 185374542571355410002145968550212686663 32642398602684022200455961197872455369 184111238320073379833499299323496890055
99565894347562893925173979972985031952	8.152889E-6#237996662215581278688305645343786904460 264183064410292325536684747521314643098 329150919818875164485242030882432283590 100928325401373197787820986702918945471 294418289840301973322672169300394924184
