10148940753830201764960578107311941703	0.0#241126828670820883402734062751553380026 288579276869396884490477187318172459648 1712967822958713490055716528324178036 223707865283227841832709180248830315946 242683843119238174182830930207374091100
101708949463828012886639418343203897400	2.748779E-26#
102433906110463657331397577460361730049	2.748779E-26#
10319122896132708034400160757564564854	0.0#107303701714012296682343294018594367295 317322452162442035993836611926286994940 79615184574486296677911851031911038381 262433558085549260265002796329378027151 106526060101409293450144212544228203120
106526060101409293450144212544228203120	0.0#
107566969997167953227726739954543226999	4.588438E-19#296287786238197317133300273858854792 195832701359192881383358236460187938362 83378741702044348075633444191258588116 233988019408743130905205477897543988855 227073644685489936653437830735081027743
108495051966970710514400218673307141310	0.0#26219074834761412185585892083954272730 236144123939018054448477496965018031089 167787019122824641709271222239895838814 204577971818691618262285304273183952989 307691043517447401099991548180233519827
108771242931156240061697931809834171942	0.005503777#
112705218185586613053023200466661570847	4.0418634E-8#
113770308975514451523387698718534772090	3.3053743E-6#
113886702475889907062216278988411544053	7.430441E-7#
118087402105971864972699271544808238601	0.0#38173952931891937178632801070243038241 134228243943421288073123661490827030844 158177737747677064520155153709620867465 88053891984365756350607484846437566818 281054109895656823819102530025139200494
119136359351213455852503534996105991895	0.0#19661343561796558106448393180193665481 323649467042195149539977413834974049536 50601416135921929721729247597828697747 302220634391745954130200016629879702498 54875871697186122711514728823750024574
119294362146219027879306113878013973020	1.6962352E-7#143941862162127221968287971302880226695 106754645713708449401237439773796284169 248352859439203738413572688350754570025 237996662215581278688305645343786904460 26742283628533398445097367044105314341
119860986208038731102748335426617432263	0.0#
127515294128987022479632720667476972996	0.0#99017489027990616389103623119217536367 107581699214708806285044592095389280824 160528714542353058554423124753882573212 98522594040455149612755710228055564039 12825912909627263437587998089377067966
129783864595772763185422593755397850589	0.006668962#214917686594559236497547622533457258166 178400067990794464085255600198089800280 43342363930667121593526211718413549466 238643438269849836771409822410503774725 229976412844726950040947127043148777229
134802975091864007588066896771215835169	0.0#105985475680660441173574534176884245751 20883352661684924308969961469148287815 244422592492833930338122932610661505888 253057329441136987191080705403783535614 231347557842475722881803463553882298073
135975887420128367637483255587261025927	1.3743895E-26#
138450671554923244099251681296756635244	5.40432E-21#
138828430001799742448070816344964599390	1.1486073E-4#
142945018854862547259726806406413038880	0.0#
1444138294192300134544450487349459744	0.0#
145644986220141632467943583218552902860	0.0#
146904527384791289554006141974788664470	5.4712623E-6#
147770608699699441738313113773273185151	7.31719E-12#
148338284019512431565053171909775861449	3.6389313E-6#
149553462570695970626469911907336755070	2.748779E-26#
150900386516434186709948620286410886412	0.0#
154030520764165603907057543419599722034	0.0#105248062178156093335709732175187660031 38973757367469360455444307207678178949 193623511243159293844907697922976244823 103751910713428188153876680451043826394 273095251799834380228025686129635887946
155934175801471782083445903850285816983	2.4531394E-8#39016977094134687121681101995968924050 244422592492833930338122932610661505888 81083871557970115297473966106678560670 241796139462221771329041646868695215641 105985475680660441173574534176884245751
157158589418071413026330436236681810115	0.0#31387829440877120784936410464706540566 197269056261311098116831415082120352569 64274999690639712785781780918500307026 148437981479211096058333797042500817570 163985522774334523207185258884201286875
158988610135721754735544128942066143556	4.123169E-26#97008356640547621048472268562410523068 284510239251910046427593057486449185085 83624382454629768688587941152262588748 303658122032623818033587784438458771327 156471617313644419826686265789184402299
159507249648570235404402678035222018665	5.7030798E-6#
159901073802886480504595805045094452493	0.0#269011742891273932588164655856253091447 157265622456866863021756506206858758746 108771242931156240061697931809834171942 46453168293124023263534060175442306570 250645326908897360198543496570936576494
159948468659453510858022854636218342293	0.0#
160643520295805188068316913566618425244	1.713167E-6#321284177039199173819309543304779365402 333784319320528874084789414957865485981 257789485339256160391563895178361067344 108771242931156240061697931809834171942 159773151818607448252292947045892447117
161957521141853376224829712340250455670	0.0#
163655490317320682257759171686127406813	0.0#
166077569960064307105593434998313510275	0.0#
16977202360526930553419230011542604217	1.3743895E-26#
170796915791319302201461642790315544098	3.0254329E-5#318131986219228336750687904972012068607 8560955277094323405579237392850891505 297888678748967276840577303909412369383 199226294625480739268489295193256300834 267455473623903804867807839983631468333
171133593252628295596766071408615579913	1.3743895E-26#14551104211934058326126297219883236748 120602418271780897929547382787455472377 214917686594559236497547622533457258166 328550557086043821359790190110089677443 61674933482082755818337868491439943467
172174695529105130245108891318008918621	0.0#
172656845945890887459823056829577678585	1.614608E-6#134228243943421288073123661490827030844 219323903603950409496351857096125566463 23823865509461031111139649601087767999 285251749780718848044486666203007691216 143892821185678952466026166876450538590
175530413420366779126245219970408004947	2.0273387E-7#
176001101877708896940231845609603034580	5.40432E-21#315524206798502134443974545497951144227 195832701359192881383358236460187938362 267455473623903804867807839983631468333 41465870706060606689699857814850788091 64032941963750223601505696787123138445
176164842728044982424827514617812082857	0.0#321547750334109321333181618720766632099 124539027847854703145682725519509787138 182254940253123281529874683178469352472 4060477310201778728807173212534938487 313422863002487949629318495440367897234
177001098496485503758876501498406627032	5.334963E-7#
17787331430705963456771332543578522268	0.0#241829675753345939587326843120035906653 30446152723884487427014048668234112180 46453168293124023263534060175442306570 38974809964672384410431758397205172488 311119225811661495696029374682681132922
183511116931295830350822459903350270333	0.0#
184111238320073379833499299323496890055	2.8128465E-8#
185374542571355410002145968550212686663	1.8865003E-9#
186952102504667897618646614600561051609	1.5171502E-6#291160833840087182770075952996594873963 30446152723884487427014048668234112180 41465870706060606689699857814850788091 64230194386896073612840864476828411997 206829588703874224270276878384272084366
18799425049088235947395735032712083836	3.1323842E-7#
191087094239383017694090386990357783918	0.0#16148736816849031854286923962739011363 311722313434291397422733953944035075370 8720270943878532581999562809834403873 129946109599872752306864783036668684478 94378894197004737386536383691925264742
194221702577723228169667863237428460901	0.0#
194342360729127002842875026036166398672	0.0#
195357804972420586206904738662176230974	1.0170482E-24#
196305114744412495753140177260276682511	1.1272574E-18#
198261380178109302790691880110179555466	0.0#
198617217593367520825692431643465351107	0.0#
198945728335737647544617900492322410433	1.3743895E-26#157188638945719359902474536166866446614 321547750334109321333181618720766632099 204924805455167904510083928270251329153 177863764761830399659063575719351914942 16920268648653074292722750206284752700
20012723972554106241183693623157089672	0.0#
201316764839397082431198219047893323577	0.0#
201932149300225624726335426860413194891	0.0#
204092088061817950957766322477580604870	0.0#
204755874632218531501433515526661452479	0.0#
204957196011658600095910431271266245488	1.3743895E-26#127249724897478615720888027075625138912 39345272193205933963875441086906863379 305498891195633166816602380480565093549 35386139449780388628201043300986906178 99672394231935007355213885445322813872
206002930198465504637705251319735512236	4.1231676E-26#
206829588703874224270276878384272084366	2.945302E-6#156471617313644419826686265789184402299 160528714542353058554423124753882573212 237303029416211182911401551571467314139 291160833840087182770075952996594873963 72703967801255877038089478888215090573
208089785723480069706881250907642736615	7.205759E-21#179948723572977120273293013776345563945 230377424677362154217680145779246630136 133115618397863597710420164676453872319 111217819059895653196447364979218189099 76777647797893552212673775685563208776
209419957008470942890054631004712020067	7.31719E-12#
21536911934284225032052513752060030776	1.786934E-18#
21727756610828927514754209799142340355	1.5459769E-6#
218156893064892681794690770622997758316	0.0#111592415086064977921210056825105941023 117786106148384321142707661928822051492 166609368646940565447588468818183303012 241697203670048514198090719336351080494 124569911244669451372778380142550295373
221922924981771659565470462298909419959	0.0012840603#64274999690639712785781780918500307026 148437981479211096058333797042500817570 300964250774980133368386981144505556523 16957798726909295985633937543323968559 294418289840301973322672169300394924184
222275189319709001558975797976595268240	6.871947E-26#
223466075245694535756014787795538624223	1.3743895E-26#
223949373727913453897856317542159482462	1.0033043E-24#
225399164598547476513128400323460728325	1.6962352E-7#
226479845950720145357543489418772182544	0.0#
229357718290038136302911920120915324256	0.0#
229525102923836734676467040410178731026	0.0#
230494478378202959878918034107190346349	1.0033043E-24#
230615147501782978403022783317768687250	2.2364464E-5#165761049798567581408148360859676925066 169858908904277126273409097504561707491 321284177039199173819309543304779365402 182508721914531348095088433142981056748 284510239251910046427593057486449185085
232605736845560495327919230607463584523	0.0#
23405446666955137713539023989002667566	1.3743895E-26#134510205270280390968778444643228859708 74816702047809600314166852358893648366 133706470203129722454890247357968342719 143105911989371816828245434764311206713 93163636655492185344438311217608314085
234112058255146583425442018185023682629	0.0#25789775770288576375218033720716054080 186952102504667897618646614600561051609 46453168293124023263534060175442306570 30446152723884487427014048668234112180 283465587959366391254510871667493916314
238706853608781605526589384373765583135	0.0#
241126828670820883402734062751553380026	0.014318754#
241697203670048514198090719336351080494	7.5096405E-12#
243084297874786042121419107406689939600	0.0#
247370863526137144974393095235578406526	0.0#26742283628533398445097367044105314341 294390828414916752413241597465282880499 93525152415939005147939695178168004149 40724268349673808439916910640183077972 246999727129784288801565880950443544144
247514764640856458568531371123603961997	1.1797417E-4#
247677326709162141026859265632340080058	0.0#232017721672467270439231252303314481279 311218742172378233346616275946093821692 64032941963750223601505696787123138445 1712967822958713490055716528324178036 259479793941959149960309933682866059975
256446954723841636760676341851963745118	1.3743895E-26#
257472291397533050852735757548559695550	1.3743895E-26#
257577024083018851402173832058441705417	1.2012687E-18#269011742891273932588164655856253091447 296287786238197317133300273858854792 264564129602397840750284801937741729792 45605956412484431207195195408099363383 39016977094134687121681101995968924050
260907912469185546753718338665745404926	2.748779E-26#
262081322604731753122004457201403505750	2.2993181E-7#
266884449737532338418575298340737740601	1.2927278E-5#258709176864599488288795922563110407305 282296033283148466474424413949611595454 336891660792701385445639420434677598578 178323052824258282451222141492114231086 113770308975514451523387698718534772090
267093596958272274305957584109796041054	1.3743895E-26#
267389070709316539876483148092780482513	0.0#308183573719544322355754103234912136621 219323903603950409496351857096125566463 266884449737532338418575298340737740601 131005935568013059208143697309212147465 336891660792701385445639420434677598578
273003062425606758708810039714123257959	9.4356125E-7#189830925458022280300293042492324625047 133115618397863597710420164676453872319 276404501448333266071058120832977564302 262081322604731753122004457201403505750 179398986365670306558701691760673615670
278368464446556017820529421644989287601	0.0#29936718762817603373648510737084599746 229209374760066091091656202709361501868 119337412437940133144881923208049882442 41465870706060606689699857814850788091 97008356640547621048472268562410523068
283974972852838868616907298633617976882	1.3743895E-26#220599838960122958572578257762401799667 219323903603950409496351857096125566463 134228243943421288073123661490827030844 181834637543208778424710138222870487966 23823865509461031111139649601087767999
284081646920620618990338584531071661096	0.018750232#
286196157092451033297943563047691267249	1.1272575E-18#
292962779791859245143905725771430827470	0.0#
295905484407600379502685065284868389444	0.0#284510239251910046427593057486449185085 145426432921133749317922477714102706808 294418289840301973322672169300394924184 248107675026953395158100743559842808299 93525152415939005147939695178168004149
297570281996966127157685976231496275549	1.3743895E-26#56743813086174805638605947418850487546 51215106785214331140644772057781531176 214227119721764703203540916852374630274 142777333660180588800765617213094260942 224920932309116756632611280739755882333
297888678748967276840577303909412369383	1.3820208E-5#199226294625480739268489295193256300834 8560955277094323405579237392850891505 318131986219228336750687904972012068607 170796915791319302201461642790315544098 309132039060620560460703183402856355184
29936718762817603373648510737084599746	2.997682E-6#229209374760066091091656202709361501868 172636860954494750595786446136674937250 119337412437940133144881923208049882442 291160833840087182770075952996594873963 97008356640547621048472268562410523068
29941166707243568484996754957477176002	0.0#
305498891195633166816602380480565093549	1.3743895E-26#227111154707007549791147671681805914079 133115618397863597710420164676453872319 93845877993249787545411508449477817191 160528714542353058554423124753882573212 35386139449780388628201043300986906178
306902181378633604445661881528048337626	0.0#38610367574135849704079598134278430870 58641614699391282827211482706296963111 140635859426134470530810084145295393390 134249111643366593328055680337277878559 144360701411277973616160451078339468737
308081254073477117623092382089644411014	0.0#
309945767487699682317963560392468569703	0.0#
320805267814770424396381678363200531906	0.0#238706134939981955043337073994180662470 136731532154395050781837511267275758704 246349167755749416649994464404566136309 35131958884688420607747727386192861682 187761483688044272014038918173073982109
323015856038118564434694717923312395727	0.0#
325088826778269132188568239921057678935	0.0#
327853192196880886425303038282716087990	0.0#
329150919818875164485242030882432283590	8.623908E-6#
330256653198365024759467127108762582553	0.0#
334105130735973118292610272712653547774	2.0273387E-7#
35208634949188489750434082835364961392	0.0#287271366208899636113529409531582498336 209516636680095386400125718785147219475 39294941347027714081219901649027163248 32838168667501553588530521917774209283 60646843546206948765161807347657913676
39294941347027714081219901649027163248	0.0#
39570154188703148409826824947473152206	3.3224293E-8#257789485339256160391563895178361067344 269011742891273932588164655856253091447 39016977094134687121681101995968924050 108771242931156240061697931809834171942 296287786238197317133300273858854792
39952014804778382411505257856610983524	0.0016223586#232017721672467270439231252303314481279 7656207312488016372076319126590443714 331652327833785348676066748797862686293 311218742172378233346616275946093821692 29107470709479950854272678532764799346
42084049481446748089027900829543966104	0.0#37233317212491938378092167824196308415 46707388966133553612822224621149802453 88960064016464075073204811650534633697 252622262946975471510573005203958990950 21766214071860098894365153343929717398
43342363930667121593526211718413549466	0.0015691612#
45122025610745219429253774870531623164	2.4742866E-8#
49991430073010241531874225131740977398	0.0#
50909355370552875789979773906521774914	8.51978E-8#300678137642574612657156527332995967405 165112824130588477791964759693104316397 29936718762817603373648510737084599746 160568146034522433339592088885710013569 97008356640547621048472268562410523068
51215106785214331140644772057781531176	2.748779E-26#297570281996966127157685976231496275549 280987814823315258470350152396074521042 217773264605019090677936478371298890006 305592946908923458106816572400783261258 94924765878547948393269757311093063803
52508149669061510817327887049831564219	4.4719542E-10#
54358855788856873116341920591844241508	0.0#
55984931786486845790062718926455508193	4.813489E-7#160528714542353058554423124753882573212 327895936531498448736003626767846136692 59870759968270295183953265584451018596 41465870706060606689699857814850788091 294418289840301973322672169300394924184
56978612362764996795497546467260441629	0.0#
61639578105455915893271811994577347077	0.0#129783864595772763185422593755397850589 121645806325404267116805529213595631649 254259485528782111138204765705594308357 84005414524920930604979186870483785610 337143515503394694343516293631695233533
6250271097685213739868658163839865848	0.0#
63693623388080060014771199926805265987	1.3743895E-26#123598423878310268013443718841679922367 39973340393071191277061410081644097755 11213369062616787772162732519710728040 295644821699717243647548537138873875882 17099264582787786523138081607100122788
64274999690639712785781780918500307026	0.0012814185#300964250774980133368386981144505556523 16957798726909295985633937543323968559 148437981479211096058333797042500817570 221922924981771659565470462298909419959 109275166593816131574062572700323251816
69591521679596460485047352862048217618	0.0#338440553393794166009440386735515237084 303695015033373195124561810594562310659 307691043517447401099991548180233519827 56978612362764996795497546467260441629 208600741189891258834181747340295805766
71863582641928603140922028639792130444	0.0#146629138567055993233325949428793766807 289524850305361165946991052586600049312 317141298500031437123557978069661807854 229379975052186673345343021571432625722 227111154707007549791147671681805914079
75860169560391782780198088302228530132	0.0#282296033283148466474424413949611595454 235446912309773666998832761928999650081 113770308975514451523387698718534772090 285251749780718848044486666203007691216 266884449737532338418575298340737740601
76118667316616906278743479218397731780	0.0#190117254533628700269628246443004775854 26665015424899994318970184090407201661 173019852984967939850839532180390856954 43818979484444404209785013612958785680 110485858044187440696516684096107864553
76812929003317407674365153419168467437	0.0#296217321724042619264704437727452428531 32838168667501553588530521917774209283 60646843546206948765161807347657913676 72703967801255877038089478888215090573 119337412437940133144881923208049882442
78143502450750798355264497306501612269	0.0#9743913949319617372949665705334403665 315148726705214904810666771254462955294 319209338024682405239818411632331966699 278243963157794921737456091558438910551 32992005369414821559907704237129146938
79211482727953820206009516829118715878	0.0#
79615184574486296677911851031911038381	6.871947E-26#327589922550915745862382136046516720075 219778066938364720249498415075674447813 206325758007981694555758733667694072155 93079911957777316211327954814410396830 312848959585944343729559851216279192765
80864486632161759425781019242157304936	0.015693545#64032941963750223601505696787123138445 1712967822958713490055716528324178036 214917686594559236497547622533457258166 156898035471859568946889328080176715580 192154715105221442751576474634797839778
87135405281944426295121704696341887447	1.9066881E-18#63603126664078514456756417579013826659 25132382260607552234160861635816922774 196305114744412495753140177260276682511 260410541390850934031731990734232632085 286196157092451033297943563047691267249
88797801229629311984037301552274232601	0.0#
90130873740079254558464338890593015062	0.0#5961635147850382740037678638588021812 159703604837589910136209676890517091612 19529547473290358435760821547232186857 275743095375907876898572249435904575239 181893550172112824387173613011416710079
90905941323114040852132089841891288999	7.3184956E-6#189830925458022280300293042492324625047 97008356640547621048472268562410523068 284510239251910046427593057486449185085 133115618397863597710420164676453872319 40804025343002910344057506944880783194
91597894598756424142105331497996451481	0.0#232017721672467270439231252303314481279 19928862026350886030390414806709296656 325088826778269132188568239921057678935 172174695529105130245108891318008918621 119176874569930057768727716220392163146
97155076822236404622966688446467859017	0.0#41465870706060606689699857814850788091 131326813065854228338944775823069527572 291160833840087182770075952996594873963 150900386516434186709948620286410886412 82247681098100387520514905650468531021
98005006653763919463872116035534731148	0.0#294418289840301973322672169300394924184 221922924981771659565470462298909419959 327658565377581386054786832653365318830 40724268349673808439916910640183077972 319852845746414394372959735355910262293
