104831936177419303035274773126481123856	0.0#102441775703546131985870445781259609353 63603126664078514456756417579013826659 243601637573067180481760097920390785638 9363917300422442913390367304873481229 173019852984967939850839532180390856954
106153766022358959300851279860610095146	0.010987822#87817237583237992041476920141374731670 44564659627154659293937750159529829882 252196396384583199419533291729892458717 251290491686687990246865529160711840622 40724268349673808439916910640183077972
106754645713708449401237439773796284169	2.1095516E-7#
112178163301766709086325512151779940030	0.0#158177737747677064520155153709620867465 43818979484444404209785013612958785680 96610377384837146561721552201909681848 282296033283148466474424413949611595454 66287231212468572388959987168858504722
113145492763060609818649992429378943018	1.6125111E-6#
11357127808419573681123474225106741911	0.0#
114177634878943214885070864765404285387	1.3743895E-26#146904527384791289554006141974788664470 260157390244540821922614698284417211926 193165043979442454049304779283599176178 134510205270280390968778444643228859708 214917686594559236497547622533457258166
1169390557482135722042331993712951686	1.8743371E-11#17993643191360235770558527116788816959 209419957008470942890054631004712020067 53495003967476345993375522777762690241 82181131717090620735478494296819771934 212377801703093335732312462814085848264
117636007245958483494359446250240797240	0.0#77252666231586858199352179696635942268 65488086675935445401848797325275441193 225059036474922192239825946342222801792 216610057994866919986882443587365460472 294404155133923882671743299871817225963
117786106148384321142707661928822051492	0.0#
118689697599268150745708145986925875591	1.7093107E-17#
121645806325404267116805529213595631649	0.0#
122456283963538926182045481081906672131	4.1673448E-7#328553535867070724830587745742314780321 214713391882398428193488337287506857125 66128854632206510043570389209720048854 237996662215581278688305645343786904460 295644821699717243647548537138873875882
123980185792937310787111147071802491877	0.0#
12439840198971695082178279349578814899	0.0#273003062425606758708810039714123257959 189830925458022280300293042492324625047 309056596768509273495815353521690294941 133115618397863597710420164676453872319 85188517941400026780805283408483242506
125271549674441691885239886712381937973	0.0#325551465476478745217120496075343635257 119859048756043327112473400716209196714 275828660651022227207934922055038621150 245319562461463944961253238241412625303 111000120156354759379269857878691545820
125611359703919512193427533082140377310	0.0#306093466029202799151750035883646249756 241126828670820883402734062751553380026 146998321464631609528120700977134191761 17514016906112702813889816256090300212 269765414062428301036077920263070222944
129686513449706494504806906614854225349	5.497558E-26#
130234240159727504338733905210582270097	0.03977595#131802765080162628666440881374317948788 225189427974061224752548208772393867835 241796139462221771329041646868695215641 269011742891273932588164655856253091447 305487686777243035377306976209025801327
130853914291774001901581570170379591855	0.0#
132245443673002607596631102428821378842	0.0#
133880215739066861958106161914473540037	8.8101115E-7#203557631930978181035467048946902142883 241126828670820883402734062751553380026 314133972350469950886468529073745765513 10859902327906859584103309082276359219 95560175400544789812252478181447683337
134435744855646355952850680405797401519	0.0#
134567993833297934526922859992729401427	0.0#
134623294593524666966356657715341649879	5.8166133E-6#167297421590122960228949882340517643805 258445086495839543554432541215269526128 14677351876820948735481509635153025641 266885986442696068498089597944347679681 168395577420593164240039041132588190035
136298407297584891074674755422741484915	0.0037891245#
137185823779107760775233234702220657208	0.0#288829357811220692223588782926852869122 271500763985803253075645216616848875245 104215179132394786930842126650948483120 181085377950487257231982077442668193375 203557631930978181035467048946902142883
139654265464202927725143336722979172695	0.0#296287786238197317133300273858854792 269011742891273932588164655856253091447 70614991611688538212611206541783540692 203557631930978181035467048946902142883 124110556564131503994710221743079637326
141705365482561167129210571335873146795	0.0012973535#38173952931891937178632801070243038241 53574257330649294493201710463768238244 8231205423489978787156460413895389596 328550557086043821359790190110089677443 1712967822958713490055716528324178036
14677351876820948735481509635153025641	3.5718092E-6#268706337336559760426165753987174407381 340064044018802351138666639426606938338 192052614572419399766989436798060373421 36464299610993031523470215706205601640 62478413123117037664208709690558865763
150777265340840569071614500800251618944	1.2011237E-6#237996662215581278688305645343786904460 294418289840301973322672169300394924184 99565894347562893925173979972985031952 329150919818875164485242030882432283590 106216515210602610132784218218717797939
153733724025981095598605976315084440704	1.8807367E-10#52508149669061510817327887049831564219 269136737031028375564560289391598113735 66768204399459328209830463236985352990 214935770901222293520444319744915791734 7379647251642267790759416747572573901
153778829194777761206510298450099964007	1.030792E-24#
155604971019897167220341295096527031862	0.0#49450034838584590749072231500596589863 100386958497902375517599994145062824662 188300487680262350319162230747565051293 174880768108554024212700661872967755100 25789775770288576375218033720716054080
156509537170359113084225062009463996849	1.5319806E-16#
16148736816849031854286923962739011363	1.7131881E-4#
172014891289754929411067114408017222921	0.0#
172596240991997442956428730269913495919	4.0642405E-8#
174698056768538838483499282126383236691	5.636494E-17#244595012171685154125505490489576027779 247386920618901500008409563792998009258 102441775703546131985870445781259609353 93782778421507525736925725146632778810 259479793941959149960309933682866059975
174955013024569271691190563672403787392	1.8743371E-11#
177235844516395237201210236864454896251	1.3743895E-26#197338090391823745088788968548502121029 143941862162127221968287971302880226695 259650568768850733725800972523005911444 119294362146219027879306113878013973020 106754645713708449401237439773796284169
178162038715933857678029773540842287749	1.2289583E-7#
178323052824258282451222141492114231086	4.4572786E-5#
178965268875543291100485029186345307072	0.0#
182090975327830114446517525879885385720	0.0#
184730033442649833506157061870228891452	1.3743895E-26#
191342786868447993485407076987151600451	0.0#
193165043979442454049304779283599176178	7.5096405E-12#
19322256942051372269790389695806886445	1.3743895E-26#259242729308284898327158749056298972503 124110556564131503994710221743079637326 268565818968773550299041364401485212080 184730033442649833506157061870228891452 214081982618080312543018689894936620289
196035435644346382239891048027353409949	0.0#119337412437940133144881923208049882442 260709081451566076276718184999561955673 203557631930978181035467048946902142883 262433558085549260265002796329378027151 294318067066706160849533956153895702452
197238192089316451235935259157698408313	2.748779E-26#37950519499357910353798098888278881787 74876126461050445901916903442067575015 294418289840301973322672169300394924184 244847812813268286533175002363465082832 93525152415939005147939695178168004149
197268467573010312782956446123120496767	3.7279685E-7#
198708747104728413084582066597380211621	0.0#
204016835001850544373571620662094989471	6.374926E-6#134228243943421288073123661490827030844 291160833840087182770075952996594873963 226545376984213918972257388794698775767 29936718762817603373648510737084599746 327895936531498448736003626767846136692
204362060973951222750041528939039463163	1.1369302E-16#197576864099014614345697608069466617558 64032941963750223601505696787123138445 182254940253123281529874683178469352472 214917686594559236497547622533457258166 1712967822958713490055716528324178036
205813977632542686978302900747896098452	2.5320848E-16#254910706308470262299936906317406775205 97997281176622335738949697297277771187 80655693571670108132996702638099374846 10176627865937514691665694800938673879 179416559937458027777718482951397038829
206657420787526184357559109338189005491	4.4267426E-6#94378894197004737386536383691925264742 49288856607580465698273199742595045991 157188638945719359902474536166866446614 195291760089059005717103538836772793940 8789826593237538799230136978229760448
20883352661684924308969961469148287815	0.0#
209475270423138084561355783618457470650	4.8966355E-14#159786960369200446502924129953649096332 1484027231423131599348801871714235581 272083217486584721499770523176104570691 167796545932060213647106853827736468361 125087506144108508443093485443742227044
210172866387858730944801283247219232981	0.0#182912734431941219465477914840537408900 247386920618901500008409563792998009258 166512322004995566323543726904471015240 64032941963750223601505696787123138445 58606255529301943551487142007659882660
213594843155541106933242455763100395377	8.968623E-7#243269416248528431209397828554275103903 303471790427072266033809710604492276764 113886702475889907062216278988411544053 41465870706060606689699857814850788091 237303029416211182911401551571467314139
214090421077495664150564169705902071417	0.0#103751910713428188153876680451043826394 182254940253123281529874683178469352472 304479433570707725189490986150760328430 192154715105221442751576474634797839778 173658900651743084074739271585309087036
214264878014727548710125474865328710893	0.0#291160833840087182770075952996594873963 99448437978859023238923608075184129481 204016835001850544373571620662094989471 260907912469185546753718338665745404926 137185823779107760775233234702220657208
214481637958673464621156972279884064422	0.0#189830925458022280300293042492324625047 26005661683249981277518396337532417030 186952102504667897618646614600561051609 92150020811575476568929000405816438512 197338090391823745088788968548502121029
214935770901222293520444319744915791734	1.1438343E-10#
215842539402686182024400256584964813433	0.0#124539027847854703145682725519509787138 301963573155520767775226779585887193934 112435960761998944894505178654856575251 295015721900845991650258855283469715238 23628581743483740085091836725288647662
217032144108758434166034075861071685698	8.5852924E-5#239248581265227250385202765174531432725 57077368724005703847920257004913251627 309132039060620560460703183402856355184 170796915791319302201461642790315544098 300140270765117031834448077403511965250
219791901416970225609413866660192639205	0.0#
223271324239482583023608235690793612285	1.7835193E-6#
227696664109935194883704089467381723244	0.0#
229626265669720143793931884237957062468	0.0#236870071572187597962712245800252961884 273950174879484556956706547965836341095 313194739491190771437506098396173936338 52947893213404520445459661525667852872 98785897548267790366131002195149072013
233988019408743130905205477897543988855	4.6161687E-5#267455473623903804867807839983631468333 118101895349641699059424577213429127123 119337412437940133144881923208049882442 121120469509537280483082175265358922427 311722313434291397422733953944035075370
238392778971026717964897698637922720554	2.5400242E-9#244422592492833930338122932610661505888 61518228462803140783461494507846498585 215682306944828836714538752553568422262 206461502685355612864275819093455414678 309242625360340692433307752520920929572
238643438269849836771409822410503774725	0.0015691612#
246274778675313575105280689569663865036	3.231468E-4#1712967822958713490055716528324178036 232017721672467270439231252303314481279 64032941963750223601505696787123138445 53574257330649294493201710463768238244 25846893321456091923653845931433767490
253057329441136987191080705403783535614	0.0#
253088904817458933144195353752119407526	1.6053364E-6#
254259485528782111138204765705594308357	0.0#
254848115038737725256243484303083936347	1.0446777E-6#143892821185678952466026166876450538590 308183573719544322355754103234912136621 158177737747677064520155153709620867465 37266577905025371833303912520705609036 209424659118912479046205327913078290397
256878780547481084668685399506064110158	4.5043692E-21#
257720038771291009590319852168259822381	1.3635035E-7#203283275011638299234436155267299738953 296287786238197317133300273858854792 39016977094134687121681101995968924050 269011742891273932588164655856253091447 39570154188703148409826824947473152206
258709176864599488288795922563110407305	1.0347712E-5#266884449737532338418575298340737740601 219323903603950409496351857096125566463 143892821185678952466026166876450538590 158177737747677064520155153709620867465 57344168593562802993206617810460635874
263777946041694877194085702269294990488	0.022580503#
263918749254327976355406074102939424472	1.7093107E-17#
266684133977745417775723391408289122416	5.497558E-26#
267742648627710076510004923813439383474	0.0#64032941963750223601505696787123138445 134228243943421288073123661490827030844 182912734431941219465477914840537408900 35386139449780388628201043300986906178 166512322004995566323543726904471015240
269136737031028375564560289391598113735	3.2947034E-10#
269765414062428301036077920263070222944	0.0#241126828670820883402734062751553380026 267455473623903804867807839983631468333 102056784780448940861003332621124185096 37887812205584685651731191817385442184 336304488196729041882655360783810355989
27422856858892606234634762179519208589	0.0#112435960761998944894505178654856575251 210172866387858730944801283247219232981 94032145746382817202692924040209484824 8516442787078501125880386419639628719 107581699214708806285044592095389280824
278243963157794921737456091558438910551	0.0#
281732087925253300885324600292861215365	1.3743895E-26#214917686594559236497547622533457258166 64032941963750223601505696787123138445 150016628603125493188562099221056237789 329599603108734278334148246333059199223 119337412437940133144881923208049882442
284890347846316027888826461837199819661	2.9884924E-17#72282851154969919243436433414175723321 263918749254327976355406074102939424472 257789485339256160391563895178361067344 118689697599268150745708145986925875591 66771266297146152256659304342382641825
288470501761049516142903474699687622246	0.0#
290417218933488688805250533228068412493	0.0#
29284218884128823254201676032999555661	0.0#119337412437940133144881923208049882442 229901024565147618110698686803035526158 214917686594559236497547622533457258166 206829588703874224270276878384272084366 156471617313644419826686265789184402299
294418289840301973322672169300394924184	0.021505032#40724268349673808439916910640183077972 320537035071491105423977840837822725689 284510239251910046427593057486449185085 14422838876333252177147022771297875842 93525152415939005147939695178168004149
295015721900845991650258855283469715238	0.0#64032941963750223601505696787123138445 321547750334109321333181618720766632099 103751910713428188153876680451043826394 241126828670820883402734062751553380026 56743813086174805638605947418850487546
295506661755970061692270184006782445983	2.6529695E-5#337757264672707671313215400636672011459 212741431627771757068347738849635367985 183090195617420403694763448685197820542 8516442787078501125880386419639628719 151583073912349509242693680304935036336
297374785399763103585091698464920065308	0.0#
301678959294253391424860999256644801972	1.386257E-4#118101895349641699059424577213429127123 16148736816849031854286923962739011363 121120469509537280483082175265358922427 233988019408743130905205477897543988855 267455473623903804867807839983631468333
301963573155520767775226779585887193934	5.084022E-7#
303658122032623818033587784438458771327	4.123169E-26#158988610135721754735544128942066143556 76777647797893552212673775685563208776 133115618397863597710420164676453872319 230377424677362154217680145779246630136 159786960369200446502924129953649096332
306015000510617227356822430709508608658	3.9401166E-11#337792695698017497180645505294594536964 76749811809679181089218493577440177938 269136737031028375564560289391598113735 137396358516634883855526632767089320898 52508149669061510817327887049831564219
309056596768509273495815353521690294941	7.205759E-21#179948723572977120273293013776345563945 133115618397863597710420164676453872319 283128756498740560589859924136107541886 206829588703874224270276878384272084366 97008356640547621048472268562410523068
311526916461642893340144285886149315918	4.0239152E-7#226545376984213918972257388794698775767 160528714542353058554423124753882573212 291160833840087182770075952996594873963 41465870706060606689699857814850788091 59870759968270295183953265584451018596
313329352324524212864809572673616148684	0.0011440339#
31387829440877120784936410464706540566	9.178321E-5#295506661755970061692270184006782445983 197269056261311098116831415082120352569 188707161876881368151749409735958468935 156471617313644419826686265789184402299 276236110462159920079384702804294870712
314131422936936846198641726501316091891	0.0#259151701102254669529073267058077722221 41465870706060606689699857814850788091 135478211490134918804119305675712134466 272496827425169888514167691039243301648 99017489027990616389103623119217536367
314610151037502942400190436120115910660	3.690285E-19#
315524206798502134443974545497951144227	1.4411519E-20#138450671554923244099251681296756635244 254455640086143694653801873661029786143 149733679219980965998371666809473827536 176001101877708896940231845609603034580 159507249648570235404402678035222018665
320537035071491105423977840837822725689	0.005078976#
321284177039199173819309543304779365402	6.5851227E-6#108771242931156240061697931809834171942 14667587740516108455772245949347144161 257789485339256160391563895178361067344 113145492763060609818649992429378943018 160643520295805188068316913566618425244
321966172402917157446820478741520083793	0.0#53962753219086932951668688155322451882 124453621586236115843189070294401446568 258224875666735792201442174375650886164 140940990539699666231072656856348345616 280812025003046425103523926419522508981
323649467042195149539977413834974049536	0.0#
32448433267272230388219912151162059796	0.0#
330165572100189416033537075912221664757	0.0#153733724025981095598605976315084440704 207150234092712881425339793729393516193 221821251048536301556958076235494018473 176420697976597003711046894871316970452 195956636950155633008134369128195894622
330595978235795171296514334369638548173	0.0#16957798726909295985633937543323968559 159682953393656629767136960654256347309 218633230433738301130887978816290516687 150291941336524152968493141264618540451 300964250774980133368386981144505556523
339378749563917831559745046641334003286	1.1043856E-18#
339423446693748448064500732208259357525	0.0#
339497972997602318727833001210274137898	6.344651E-6#148106114238616002285032710987245968905 21727756610828927514754209799142340355 294418289840301973322672169300394924184 294390828414916752413241597465282880499 143520865019680325426336923185774788360
35412799061522956987939883840049564364	0.0#20012723972554106241183693623157089672 265635519379541681805753582541437256228 158988610135721754735544128942066143556 311109874807180587440981028548942248254 169858908904277126273409097504561707491
3570951434873314813014243855374778112	6.305038E-21#
38714125718871173819171444214823818289	0.0#
40602576640870684682044530307794491699	5.2226802E-25#16148736816849031854286923962739011363 1712967822958713490055716528324178036 198212111904620085060652865216111586382 227889903926694618128463611203226457971 39645747688525222741608626589899792034
41457311285897792464114195840508097585	1.3743895E-26#
43059655406293288390054435720769996275	0.0#18006574371051028071493043544398356550 151039601203681108661519257085362561661 204755874632218531501433515526661452479 86609929767088445210345888569314582591 252433296738753825490015638163624325875
44564659627154659293937750159529829882	0.0060632573#106153766022358959300851279860610095146 252196396384583199419533291729892458717 87817237583237992041476920141374731670 206140374927697789703727673218751872879 294418289840301973322672169300394924184
44903403349722751247156871680392378975	0.0#
45142260712980766194399148674678492110	2.748779E-26#
49905114512301314440106996114460688261	0.0#223868386788710533857184379132413354979 12439840198971695082178279349578814899 273003062425606758708810039714123257959 258663083896289964667494567018462133370 30446152723884487427014048668234112180
51342388923533316087202508129906416907	1.3743895E-26#
53495003967476345993375522777762690241	7.31719E-12#
53753776252699984753163371467592013140	0.0#
56337000073665622242053648669958322185	1.0808626E-20#326003889713588685141878035699583733509 103751910713428188153876680451043826394 39955537522925736718131116213778955368 75064076505977725338287561605216146024 253050061113968630936378768708535821722
57208211951576927473865748811801805291	0.0#208600741189891258834181747340295805766 77282496729045770526347298112320501712 260709081451566076276718184999561955673 84045234160908319109202860606482089284 133706470203129722454890247357968342719
57344168593562802993206617810460635874	2.6604837E-6#
59407889928129398161494324153827042798	0.0#85050380621127643977282005469308921665 41465870706060606689699857814850788091 82247681098100387520514905650468531021 153874502847614480674622359575870819388 113886702475889907062216278988411544053
5961635147850382740037678638588021812	0.0#
61181589428625099233979634315702068746	0.0#
65740729395418654946570748770581359993	0.0#227696664109935194883704089467381723244 142945018854862547259726806406413038880 283496620692447214380442906790376749353 258176606573961576371931050277215730216 64032941963750223601505696787123138445
73439588521435125800966339236828075942	3.351219E-4#
7379647251642267790759416747572573901	1.8807367E-10#66768204399459328209830463236985352990 52508149669061510817327887049831564219 153733724025981095598605976315084440704 76749811809679181089218493577440177938 269136737031028375564560289391598113735
77552325501999602784316716491017750531	0.0#194464157006511863363044019466219045246 90438258817596782322581525409170300697 197938583273645592481157298863581831532 330256653198365024759467127108762582553 280148718988528594659563223735297252161
78838788025843977328969711515194894045	1.8014367E-20#237916712130660006178130603763077285772 1712967822958713490055716528324178036 14695359648113430433318451463415772926 258709176864599488288795922563110407305 38173952931891937178632801070243038241
83624382454629768688587941152262588748	7.430098E-7#
83902280585435620856404190706128330440	0.0#
87183177711946589877250321566899100053	0.0#180948616611448054793048764108764130721 77282496729045770526347298112320501712 101698325806315379639151735279162153283 232605736845560495327919230607463584523 51215106785214331140644772057781531176
8789826593237538799230136978229760448	1.0828969E-6#
91486105076161328598833599043657784354	0.0#
92529771988193170554201431412979270645	1.3743895E-26#268059704352664874458168402216078643911 7656207312488016372076319126590443714 195832701359192881383358236460187938362 39952014804778382411505257856610983524 4060477310201778728807173212534938487
9363917300422442913390367304873481229	6.574269E-8#
95560175400544789812252478181447683337	2.1572218E-7#
97452111040691025819770706416253463795	0.0#334543463422606297468637123290987453087 153733724025981095598605976315084440704 247386920618901500008409563792998009258 61518228462803140783461494507846498585 118101895349641699059424577213429127123
98937185561978079459482218053265303043	1.3743895E-26#121921936999615245777750246260251550136 41465870706060606689699857814850788091 327895936531498448736003626767846136692 209516636680095386400125718785147219475 326881041311274087926308430764452211261
