100928325401373197787820986702918945471	1.9865836E-6#209836795714581043037404746360992151851 141826383486621161770196488826983449023 224850683812079353399228413706019125988 99565894347562893925173979972985031952 294418289840301973322672169300394924184
101253177778106934462768525779128978970	0.058012143#131802765080162628666440881374317948788 269011742891273932588164655856253091447 305487686777243035377306976209025801327 333167821653463323235971345946071414244 39016977094134687121681101995968924050
102192639850571114453551533463128312141	2.2999435E-5#267455473623903804867807839983631468333 8560955277094323405579237392850891505 281369044571928390262066600201322160945 206698051375835978397445864998332858880 311841315898332644815785775785783420362
105312916104874090673939651062524701112	1.333507E-7#25980680367076164905447266627833689054 108771242931156240061697931809834171942 14667587740516108455772245949347144161 283465587959366391254510871667493916314 159773151818607448252292947045892447117
111217819059895653196447364979218189099	2.0273387E-7#
114027039165745117219809882105523291978	0.0#
118101895349641699059424577213429127123	5.8803003E-4#267455473623903804867807839983631468333 16148736816849031854286923962739011363 281369044571928390262066600201322160945 37887812205584685651731191817385442184 301678959294253391424860999256644801972
118322356771144777332342757732843793528	1.3743895E-26#120346962812241728467725830294320481151 318131986219228336750687904972012068607 170796915791319302201461642790315544098 297888678748967276840577303909412369383 8560955277094323405579237392850891505
119130924790163007148451560600107241195	2.3987539E-5#151583073912349509242693680304935036336 144855048485043689008438078637915677335 64032941963750223601505696787123138445 102441775703546131985870445781259609353 93782778421507525736925725146632778810
120374785976769317728673094568832818651	0.0#
124110556564131503994710221743079637326	1.3743895E-26#119337412437940133144881923208049882442 195832701359192881383358236460187938362 66768204399459328209830463236985352990 269011742891273932588164655856253091447 153733724025981095598605976315084440704
127220146813148505841960298360920479497	0.0#
130410386393558279470811367857721725056	0.0#
134249111643366593328055680337277878559	0.0#
134510205270280390968778444643228859708	5.274355E-6#
142777333660180588800765617213094260942	2.748779E-26#
143046382235429030278676960552526022981	0.0#
143199052716447710750888642268092007606	0.0#
146585083062609027889052947557225704606	0.0#
147446280414526622704491143082501921219	6.871947E-26#
148003262758187478705086881047504580187	0.0#
149733679219980965998371666809473827536	5.40432E-21#
151100567822895373196225245219257351049	0.0#
157188638945719359902474536166866446614	1.2977616E-5#195291760089059005717103538836772793940 56743813086174805638605947418850487546 327895936531498448736003626767846136692 206657420787526184357559109338189005491 203557631930978181035467048946902142883
160568146034522433339592088885710013569	2.0766354E-8#50909355370552875789979773906521774914 277408202628260113749690402376079009218 29936718762817603373648510737084599746 76475794897674139115079300507384148957 172636860954494750595786446136674937250
161262726440654694474744832439312525647	5.497558E-26#
167297421590122960228949882340517643805	1.4173122E-6#134623294593524666966356657715341649879 266885986442696068498089597944347679681 103115239035821991159945041894945534055 128853687204158271829786234220670353565 258445086495839543554432541215269526128
172636860954494750595786446136674937250	7.393324E-7#
175011015726197014924020331212191153033	0.0#337443428240539093088586890004273934783 822132631194488640169590168484214486 92150020811575476568929000405816438512 186952102504667897618646614600561051609 26742283628533398445097367044105314341
175737985478403595550748966711098246132	0.0#
178568440016694569129742307894760651652	0.0#
188941139326802134304804514791175301038	0.0#267455473623903804867807839983631468333 298581435612546614900215212111219865104 281369044571928390262066600201322160945 333167821653463323235971345946071414244 309132039060620560460703183402856355184
189830925458022280300293042492324625047	2.8451216E-6#90905941323114040852132089841891288999 133115618397863597710420164676453872319 253088904817458933144195353752119407526 97008356640547621048472268562410523068 273003062425606758708810039714123257959
193623511243159293844907697922976244823	3.5179283E-17#105248062178156093335709732175187660031 66771266297146152256659304342382641825 284890347846316027888826461837199819661 178400067990794464085255600198089800280 236144123939018054448477496965018031089
19529547473290358435760821547232186857	0.0#
196746113626144818628819672717030756729	0.0#262433558085549260265002796329378027151 103751910713428188153876680451043826394 159507249648570235404402678035222018665 315524206798502134443974545497951144227 238643438269849836771409822410503774725
197338090391823745088788968548502121029	5.497558E-26#177235844516395237201210236864454896251 38974809964672384410431758397205172488 49450034838584590749072231500596589863 189830925458022280300293042492324625047 143941862162127221968287971302880226695
199222145128905337081324124710359956770	0.0#
19928862026350886030390414806709296656	0.0#
202277704670717470760993902096654882523	0.0#148003262758187478705086881047504580187 134228243943421288073123661490827030844 75158254874234263555064933169689530464 140635859426134470530810084145295393390 180845028970659730206129172153107842689
202468649311692074995337155429578545614	0.0#
203557631930978181035467048946902142883	3.6020363E-6#133880215739066861958106161914473540037 157188638945719359902474536166866446614 119337412437940133144881923208049882442 68900692350549588855469811854487423112 257041139748340606788653307929537758548
206698051375835978397445864998332858880	0.0035245845#
207150234092712881425339793729393516193	0.0#
207394461238995187817257297503932401215	5.2226802E-25#88960064016464075073204811650534633697 26751685610578450614736955939223632656 74876126461050445901916903442067575015 37233317212491938378092167824196308415 134553584869965343718225236107593833324
208600741189891258834181747340295805766	5.557266E-19#314610151037502942400190436120115910660 260157390244540821922614698284417211926 63603126664078514456756417579013826659 260709081451566076276718184999561955673 236144123939018054448477496965018031089
210004598137034872524751071532161332540	0.0#123980185792937310787111147071802491877 271843036471429063361520119848131312695 93525152415939005147939695178168004149 288481306974136849067156556238951379992 219778066938364720249498415075674447813
211573749646732793391680446947578981451	0.0#
215250430803983201036186390480408119002	8.991845E-19#268706337336559760426165753987174407381 77839075646608348513294697329913013056 146904527384791289554006141974788664470 42251458076127011896198057494079202956 212293200793035853288343529900682309203
21766214071860098894365153343929717398	0.0#
218270384072050976732837734318678136094	0.0#
218283437144131328317082295154756713482	1.3743895E-26#121120469509537280483082175265358922427 236144123939018054448477496965018031089 332432056387570096804328965819651806140 227889903926694618128463611203226457971 234764616561767221281368763095897678377
221495767262285249569356573145179320209	1.030792E-24#
222336008307504967756526728755331420116	1.3743895E-26#
223868386788710533857184379132413354979	0.0#
224920932309116756632611280739755882333	2.748779E-26#
227889903926694618128463611203226457971	5.3601186E-25#278353660944825532035857874062513991980 39645747688525222741608626589899792034 119337412437940133144881923208049882442 40602576640870684682044530307794491699 236144123939018054448477496965018031089
229901024565147618110698686803035526158	2.6113401E-25#
237318437380639964249114217036744315487	0.0#294418289840301973322672169300394924184 27958883875738568049331166124201159342 129235486445146975540282986602697278056 95361500082757820779347296113136060629 99565894347562893925173979972985031952
239248581265227250385202765174531432725	3.6293597E-4#8516442787078501125880386419639628719 309132039060620560460703183402856355184 217032144108758434166034075861071685698 8560955277094323405579237392850891505 311841315898332644815785775785783420362
239387021765039577828302650091323683277	2.4492318E-5#99017489027990616389103623119217536367 143520865019680325426336923185774788360 157188638945719359902474536166866446614 64032941963750223601505696787123138445 321547750334109321333181618720766632099
2432423913128098754851639629683025937	0.0#
251290491686687990246865529160711840622	0.00973538#280977461714919056679049292010678396068 252196396384583199419533291729892458717 14422838876333252177147022771297875842 106153766022358959300851279860610095146 93525152415939005147939695178168004149
252950999285205049564949480818988273159	8.144972E-17#244595012171685154125505490489576027779 233988019408743130905205477897543988855 128063609846059852274526807889698773345 232017721672467270439231252303314481279 71408312164539231835469193784941935830
257040289349574078614664298836050574748	0.0#41465870706060606689699857814850788091 327895936531498448736003626767846136692 292095199935464449347796662055365909917 133306375882085788362465403198761348032 227111154707007549791147671681805914079
259513360477682676917999059645431749933	2.3888473E-13#1484027231423131599348801871714235581 141929379452989701788902716265969484230 327895936531498448736003626767846136692 125087506144108508443093485443742227044 133115618397863597710420164676453872319
259528517362938342045872795085069186841	0.0#156471617313644419826686265789184402299 283128756498740560589859924136107541886 59870759968270295183953265584451018596 123140448791683636511599143765578386733 268965172181070736928728105643187994746
260157390244540821922614698284417211926	2.154497E-6#268706337336559760426165753987174407381 64032941963750223601505696787123138445 80864486632161759425781019242157304936 214917686594559236497547622533457258166 134510205270280390968778444643228859708
260709081451566076276718184999561955673	1.3351577E-18#
265760786959688788999667694080658128610	0.0#37233317212491938378092167824196308415 295644821699717243647548537138873875882 237996662215581278688305645343786904460 21766214071860098894365153343929717398 57190969607746748001831974727262451895
266414622095276697463594124741589816411	0.0#
267455473623903804867807839983631468333	0.0023103452#281369044571928390262066600201322160945 8560955277094323405579237392850891505 118101895349641699059424577213429127123 309132039060620560460703183402856355184 206698051375835978397445864998332858880
268965172181070736928728105643187994746	4.214674E-6#40277029304860780119282282746036066781 165761049798567581408148360859676925066 97008356640547621048472268562410523068 156471617313644419826686265789184402299 283128756498740560589859924136107541886
271422585636774255076787933895038052574	2.748779E-26#
274052191892782929153143588940007456968	1.1797417E-4#
276490320366814535122073203737638877168	0.0#
280709647108732570268479272516102803624	2.4430946E-7#
285441384815246555485255131534818600538	0.0#64032941963750223601505696787123138445 236144123939018054448477496965018031089 214917686594559236497547622533457258166 161957521141853376224829712340250455670 66771266297146152256659304342382641825
286238926100688982867957511056213321544	0.0#
291160833840087182770075952996594873963	5.7722273E-6#186952102504667897618646614600561051609 160528714542353058554423124753882573212 119337412437940133144881923208049882442 41465870706060606689699857814850788091 29936718762817603373648510737084599746
294318067066706160849533956153895702452	0.0#
296217321724042619264704437727452428531	0.0#
301543306097112511681279623520031406990	2.748779E-26#241697203670048514198090719336351080494 68900692350549588855469811854487423112 144900588505072883730646880311197783809 159507249648570235404402678035222018665 45142260712980766194399148674678492110
303695015033373195124561810594562310659	0.0#
304538523614684763645326983390100554123	0.0#
30553706473220191100666634885719224043	6.0140056E-4#
305592946908923458106816572400783261258	4.1231686E-26#68900692350549588855469811854487423112 334355692478423953548743020917560380839 203557631930978181035467048946902142883 94924765878547948393269757311093063803 99017489027990616389103623119217536367
314756419983350300851209650999000205204	0.0#258709176864599488288795922563110407305 283711981536717174787163453570507204360 791748818720304333167735462272434643 188275037395885823947420702423042825057 8362419169665894435170479189366384739
325492271056143557982240110508293976404	0.0#166512322004995566323543726904471015240 301963573155520767775226779585887193934 134510205270280390968778444643228859708 99017489027990616389103623119217536367 182254940253123281529874683178469352472
326498156094179407313719634162604517315	0.0#
328841395149836724782535920171168726804	0.0016693436#
332592735244466419185908092918010684096	3.7041043E-12#
334355692478423953548743020917560380839	6.871947E-26#
337443428240539093088586890004273934783	0.0#
338440553393794166009440386735515237084	0.0#
37851229689734086559420499914544854400	0.0#285251749780718848044486666203007691216 336891660792701385445639420434677598578 282296033283148466474424413949611595454 219323903603950409496351857096125566463 23823865509461031111139649601087767999
38442884699705425689979801672735724937	0.0#114668847584713734252809403232894882647 14422838876333252177147022771297875842 241171590331347457290500487629829338248 40724268349673808439916910640183077972 58421091485633086342555266986502467635
38750681155198863654423716569056142672	1.3743895E-26#
38973757367469360455444307207678178949	0.0#
40724268349673808439916910640183077972	0.01604975#294418289840301973322672169300394924184 136298407297584891074674755422741484915 264183064410292325536684747521314643098 93525152415939005147939695178168004149 106153766022358959300851279860610095146
40808820736032179966412699613272368449	8.902077E-5#
43184436051699040695500443763072612961	2.604812E-16#247386920618901500008409563792998009258 156898035471859568946889328080176715580 64032941963750223601505696787123138445 58606255529301943551487142007659882660 93782778421507525736925725146632778810
4732385475960664884021423149856678842	0.0#
52380554279944803568908050986400784918	2.8913197E-18#24022395146020002235939626029206480624 94924765878547948393269757311093063803 203557631930978181035467048946902142883 321547750334109321333181618720766632099 68900692350549588855469811854487423112
52947893213404520445459661525667852872	0.0#
53068019459250501764663325223340551801	1.030792E-24#
53499654469763609741055016068212133124	7.4242495E-19#264564129602397840750284801937741729792 134228243943421288073123661490827030844 43818979484444404209785013612958785680 258709176864599488288795922563110407305 158177737747677064520155153709620867465
53962753219086932951668688155322451882	0.0#
54427239248726602508295467675176663609	7.31719E-12#
57077368724005703847920257004913251627	2.0329313E-5#
61484236270195184132550232599148818446	1.6707666E-7#114360600484577487850383291957389811588 236954937805604448755852853693307437352 135478211490134918804119305675712134466 160528714542353058554423124753882573212 166654540613645651699981272549988911069
64032941963750223601505696787123138445	0.033565618#1712967822958713490055716528324178036 259479793941959149960309933682866059975 80864486632161759425781019242157304936 214917686594559236497547622533457258166 53574257330649294493201710463768238244
65488086675935445401848797325275441193	1.3743895E-26#77252666231586858199352179696635942268 225059036474922192239825946342222801792 146629138567055993233325949428793766807 94317750389686141648224257531781541362 41457311285897792464114195840508097585
66128854632206510043570389209720048854	8.9147055E-5#
6665349767382913334915365978787479225	0.0#
66768204399459328209830463236985352990	3.147324E-10#52508149669061510817327887049831564219 242456181710541686333964006779188253293 76749811809679181089218493577440177938 153733724025981095598605976315084440704 7379647251642267790759416747572573901
66854553616859800609469385207117293918	0.0#36258203032401108937227082220143123807 256446954723841636760676341851963745118 26742283628533398445097367044105314341 29506313874612885082987919678829609222 197338090391823745088788968548502121029
69816761627894850794637872670452953396	8.474735E-12#
7023416194762632377412720234296308147	0.0#244982839912724636466904545648598283851 55592714903392167844763837449122704099 100104814460745585231211956058931906958 114768128320870881814595091522075367065 37595325507378965165773130005884255841
72703967801255877038089478888215090573	7.2879527E-7#
77252666231586858199352179696635942268	4.1231686E-26#
77839075646608348513294697329913013056	1.5632298E-18#96056664179343263141077800777676845610 215250430803983201036186390480408119002 157265622456866863021756506206858758746 151583073912349509242693680304935036336 70060569428094553955759029052754275096
81083871557970115297473966106678560670	0.10040601#39016977094134687121681101995968924050 131802765080162628666440881374317948788 147157785195025897913289327507587874877 333167821653463323235971345946071414244 335958199282017917540862336458539028159
82020888655203869802480341185936050668	0.0#
8231205423489978787156460413895389596	3.0525695E-4#
82916895421614049846264832830932849946	9.2554593E-4#284510239251910046427593057486449185085 299644241297891269296104552626346255212 147696562885340812245594029764635252919 299980293292778188219924870943111277692 145426432921133749317922477714102706808
84005414524920930604979186870483785610	0.018750232#
8516442787078501125880386419639628719	3.5132686E-4#309132039060620560460703183402856355184 8560955277094323405579237392850891505 267455473623903804867807839983631468333 151583073912349509242693680304935036336 239248581265227250385202765174531432725
86609929767088445210345888569314582591	0.0#
88960064016464075073204811650534633697	2.8862177E-25#
89912361445264126825522874842200554609	0.0#245102152482178792697353407035423841442 167510884846052769560906790274724564941 268706337336559760426165753987174407381 315524206798502134443974545497951144227 241126828670820883402734062751553380026
92150020811575476568929000405816438512	0.0#164255597301926520971795174413797898158 254241599455436528296375474470014416791 198261380178109302790691880110179555466 271917590365072745454285668706429260729 76475794897674139115079300507384148957
94032145746382817202692924040209484824	1.43999E-6#64032941963750223601505696787123138445 102441775703546131985870445781259609353 223271324239482583023608235690793612285 156898035471859568946889328080176715580 80864486632161759425781019242157304936
97718519414387778574298164502542179404	0.0#130410386393558279470811367857721725056 214917686594559236497547622533457258166 298581435612546614900215212111219865104 103751910713428188153876680451043826394 156471617313644419826686265789184402299
99017489027990616389103623119217536367	8.562821E-6#321547750334109321333181618720766632099 134510205270280390968778444643228859708 68900692350549588855469811854487423112 166512322004995566323543726904471015240 157188638945719359902474536166866446614
