101766139619598510538550816881042056377	0.0#240224301573841502038305965245995255622 203278629162866036151063589013690069812 9743913949319617372949665705334403665 145148593682751227659459078313499688217 130232027840939362914346083514596120969
102056784780448940861003332621124185096	2.5732359E-6#
103115239035821991159945041894945534055	3.4535108E-7#
107303701714012296682343294018594367295	0.0#58810157028892697732178883351379776184 106526060101409293450144212544228203120 79615184574486296677911851031911038381 200698795122433528430958243075070124398 225399164598547476513128400323460728325
107405305764587868481762320816168160305	0.0#
10859902327906859584103309082276359219	9.996102E-7#
108938396897952522178332347212369617371	0.0#325088826778269132188568239921057678935 221531563851456040601276077165529529089 6250271097685213739868658163839865848 11117731057699028401701790895797708317 147157785195025897913289327507587874877
118237428038526119387931510171031393714	1.3743895E-26#
119490452748626268898184093531629908560	1.3743895E-26#
121120469509537280483082175265358922427	4.6161687E-5#267455473623903804867807839983631468333 119337412437940133144881923208049882442 233988019408743130905205477897543988855 8560955277094323405579237392850891505 195832701359192881383358236460187938362
124453621586236115843189070294401446568	0.0#
124569911244669451372778380142550295373	0.0#
129465001822904914444911400539797308830	0.0#
131005935568013059208143697309212147465	6.425651E-7#308183573719544322355754103234912136621 285251749780718848044486666203007691216 282296033283148466474424413949611595454 134228243943421288073123661490827030844 43818979484444404209785013612958785680
131326813065854228338944775823069527572	0.0#37887812205584685651731191817385442184 182254940253123281529874683178469352472 291160833840087182770075952996594873963 203557631930978181035467048946902142883 267455473623903804867807839983631468333
133306375882085788362465403198761348032	0.0#327895936531498448736003626767846136692 41465870706060606689699857814850788091 160528714542353058554423124753882573212 292095199935464449347796662055365909917 59870759968270295183953265584451018596
137396358516634883855526632767089320898	1.473793E-11#
139546157662912369756492588450718544603	0.0#29107470709479950854272678532764799346 331652327833785348676066748797862686293 7656207312488016372076319126590443714 232017721672467270439231252303314481279 49656604089735317723048369504923390318
140635859426134470530810084145295393390	0.0#
143941862162127221968287971302880226695	4.1331646E-8#
144900588505072883730646880311197783809	5.678729E-7#
14667587740516108455772245949347144161	1.9464176E-6#108771242931156240061697931809834171942 41096784931458508541826559406080450925 321284177039199173819309543304779365402 25980680367076164905447266627833689054 257789485339256160391563895178361067344
147696562885340812245594029764635252919	2.1848788E-4#
148350438257584682556536080298022366449	0.0#170959022529607073271713154399883861195 175737985478403595550748966711098246132 224511042314076777315616194215030163125 115279763747073760719773653541279654125 54358855788856873116341920591844241508
152658533362558179034507208923483885827	0.0#
153874502847614480674622359575870819388	0.0#
159211250830612146645619120356348460945	1.3743895E-26#
163985522774334523207185258884201286875	3.3327492E-4#16957798726909295985633937543323968559 143520865019680325426336923185774788360 148437981479211096058333797042500817570 31387829440877120784936410464706540566 334460484124321326784840560775422993325
164993046176927889618806466782368084451	0.0#
166512322004995566323543726904471015240	2.08647E-6#182254940253123281529874683178469352472 301963573155520767775226779585887193934 134510205270280390968778444643228859708 99017489027990616389103623119217536367 321547750334109321333181618720766632099
174412081834089588877235820108375026582	0.0#
174798014826087001109402970076314476225	1.3743895E-26#
181641035213215081284494798017627641308	1.3743895E-26#171578987908257422898758074288624687823 311251218810716062801258976883661436813 267287940771479999939515185898594342724 211948570806114366813953794021949993845 257472291397533050852735757548559695550
182912734431941219465477914840537408900	5.1521162E-8#64032941963750223601505696787123138445 259479793941959149960309933682866059975 186673077816152102947226083697274803893 80864486632161759425781019242157304936 311218742172378233346616275946093821692
191417912699687788182849076069432579799	0.0#158689435338304033814567691214955197194 266684133977745417775723391408289122416 138905553411732662928581519768173760189 180631236830463689805868117030690924089 259006862314254014323731641612838140317
192154715105221442751576474634797839778	0.009748798#64032941963750223601505696787123138445 103751910713428188153876680451043826394 311218742172378233346616275946093821692 156898035471859568946889328080176715580 53574257330649294493201710463768238244
193903964956398672802909481975554434794	0.0#189830925458022280300293042492324625047 309945767487699682317963560392468569703 191342786868447993485407076987151600451 262081322604731753122004457201403505750 166077569960064307105593434998313510275
194363375547542504278125482357581313383	4.123169E-26#255280252666028007774822275747959271369 93525152415939005147939695178168004149 291160833840087182770075952996594873963 39345272193205933963875441086906863379 230615147501782978403022783317768687250
194464157006511863363044019466219045246	0.0#
195956636950155633008134369128195894622	0.0#
197450405395652363487483049450621087809	2.4749573E-7#328304220336168487595353989284969520700 9363917300422442913390367304873481229 60646843546206948765161807347657913676 18799425049088235947395735032712083836 209516636680095386400125718785147219475
197576864099014614345697608069466617558	6.050537E-17#204362060973951222750041528939039463163 64032941963750223601505696787123138445 182254940253123281529874683178469352472 214917686594559236497547622533457258166 134510205270280390968778444643228859708
197938583273645592481157298863581831532	0.0#
19896200399848534251148632031714892917	1.3743895E-26#
200266091901307780933716305179392873328	7.6979524E-7#237303029416211182911401551571467314139 304479433570707725189490986150760328430 186139942777031850224416644435746494626 59870759968270295183953265584451018596 186673077816152102947226083697274803893
204577971818691618262285304273183952989	0.0#
210806393881375387316460850155702158193	1.3743895E-26#301543306097112511681279623520031406990 24830678771676407698796958313188774622 65889047539577773819162210118543238206 146904527384791289554006141974788664470 114177634878943214885070864765404285387
211948570806114366813953794021949993845	1.15431014E-7#31519933618097638655715012822197621260 333784319320528874084789414957865485981 311251218810716062801258976883661436813 64032941963750223601505696787123138445 184111238320073379833499299323496890055
219662989410742381907274870371893701234	3.9199162E-7#
224655408241855476899865338937419003724	0.0#160528714542353058554423124753882573212 327895936531498448736003626767846136692 48160741792489412484669297476700736980 239699548776247491350716234967958052808 304479433570707725189490986150760328430
225966502623566620587889748573646446323	0.0#
226180426452621234925977995503475054412	3.4456328E-4#
227111154707007549791147671681805914079	1.3743895E-26#
229209374760066091091656202709361501868	9.437837E-7#
230211704609983736955191045959821664132	0.0#
231114909416322603258982276594347369208	0.0#7656207312488016372076319126590443714 331652327833785348676066748797862686293 29107470709479950854272678532764799346 232017721672467270439231252303314481279 139546157662912369756492588450718544603
232017721672467270439231252303314481279	0.005580036#259479793941959149960309933682866059975 331652327833785348676066748797862686293 39952014804778382411505257856610983524 177660589821500577494164998694349107711 1712967822958713490055716528324178036
236292920458596108562120244860058739764	1.333507E-7#25980680367076164905447266627833689054 112705218185586613053023200466661570847 6769478246725760298479752376121667673 286064436384699398553699470983869204052 311500924535109704270289873754098636628
237163395299574772932379580233955753627	1.030792E-24#
242683843119238174182830930207374091100	0.0#
243420511158786994089677524037396089815	0.0#198212111904620085060652865216111586382 118237428038526119387931510171031393714 336304488196729041882655360783810355989 102056784780448940861003332621124185096 334355692478423953548743020917560380839
247386920618901500008409563792998009258	4.701034E-16#58606255529301943551487142007659882660 93782778421507525736925725146632778810 43184436051699040695500443763072612961 156898035471859568946889328080176715580 64032941963750223601505696787123138445
252887159163114061562639706764604343072	0.0#
253200874106522511233675168697625433312	0.0#
253686297689398820033190586991769779846	0.0#219323903603950409496351857096125566463 283135967434473553326014216616179183062 266884449737532338418575298340737740601 49991430073010241531874225131740977398 336891660792701385445639420434677598578
254455640086143694653801873661029786143	5.40432E-21#214917686594559236497547622533457258166 315524206798502134443974545497951144227 178400067990794464085255600198089800280 129783864595772763185422593755397850589 238643438269849836771409822410503774725
254891424547045167525363973570429120102	0.0#
258224875666735792201442174375650886164	0.0#
259571959221337745035781592770057057389	0.0#
26005661683249981277518396337532417030	3.9867164E-8#
26219074834761412185585892083954272730	0.0#
26384545356406256499508183619357005445	0.0#
264534222123843116084905648992884066344	9.771612E-18#485579059884099510821974804135028044 64032941963750223601505696787123138445 39570154188703148409826824947473152206 39016977094134687121681101995968924050 147157785195025897913289327507587874877
268706337336559760426165753987174407381	8.841999E-6#260157390244540821922614698284417211926 98503226685578212159509843070005642565 134510205270280390968778444643228859708 14677351876820948735481509635153025641 39345272193205933963875441086906863379
269011742891273932588164655856253091447	0.14374767#131802765080162628666440881374317948788 157265622456866863021756506206858758746 153813971446222387699867657348902854798 39016977094134687121681101995968924050 305487686777243035377306976209025801327
271917590365072745454285668706429260729	0.0#
278631938412723910764640699267337111796	0.0#75860169560391782780198088302228530132 143892821185678952466026166876450538590 266884449737532338418575298340737740601 283711981536717174787163453570507204360 258709176864599488288795922563110407305
27958883875738568049331166124201159342	0.0#
280977461714919056679049292010678396068	0.0022983565#
285016278918672718947115932908117515871	1.3278502E-6#296287786238197317133300273858854792 1712967822958713490055716528324178036 267455473623903804867807839983631468333 195832701359192881383358236460187938362 134228243943421288073123661490827030844
285070489513123957209659176214619361296	1.8865003E-9#
286064436384699398553699470983869204052	4.0418634E-8#
286213462383928139388238931629235228105	8.991845E-19#321284177039199173819309543304779365402 257789485339256160391563895178361067344 108771242931156240061697931809834171942 267455473623903804867807839983631468333 266853332376908898842024688347813685252
287271366208899636113529409531582498336	1.2115236E-6#119337412437940133144881923208049882442 209516636680095386400125718785147219475 32838168667501553588530521917774209283 57784833027368190461068441636837775649 173658900651743084074739271585309087036
288349078820023014471419523089413633198	0.0#
290817783841057944103641881046506903024	2.176467E-11#140944886528556020613275173178438472596 240224301573841502038305965245995255622 248178235860248274975968751117946478083 69816761627894850794637872670452953396 231037312372783520147514970923469795797
293424981125188213428887667331313880139	5.497558E-26#
294404155133923882671743299871817225963	0.0#
294588294736333933013114664926385701796	0.0#78747290905307365779143351075131948198 11357127808419573681123474225106741911 123682156988548743550673164936747550348 236155130553006015462223869461575639415 83902280585435620856404190706128330440
296048188314845633386918630501556130751	5.085241E-25#89609824741239822744880665495766817472 195357804972420586206904738662176230974 35565269141050407662609217766805623804 154701293236258758641933469372955735252 166740132595393724599007866757249786604
297419361225136218491905848745160582013	0.0#14695359648113430433318451463415772926 35333848258347592938863662685548164285 336891660792701385445639420434677598578 331652327833785348676066748797862686293 199222145128905337081324124710359956770
303702207777382934626629332473676214928	5.3187654E-17#
306093466029202799151750035883646249756	0.0#
309132039060620560460703183402856355184	9.952595E-4#8516442787078501125880386419639628719 8560955277094323405579237392850891505 267455473623903804867807839983631468333 206698051375835978397445864998332858880 239248581265227250385202765174531432725
310362873144015747410130226860489527992	0.0#14695359648113430433318451463415772926 327589922550915745862382136046516720075 35386139449780388628201043300986906178 71408312164539231835469193784941935830 201657894674200982764694961532686765663
31066040057175855532808651337575436903	1.8743371E-11#147770608699699441738313113773273185151 160528714542353058554423124753882573212 59870759968270295183953265584451018596 41465870706060606689699857814850788091 54427239248726602508295467675176663609
311218742172378233346616275946093821692	0.015965095#53574257330649294493201710463768238244 64032941963750223601505696787123138445 156898035471859568946889328080176715580 259479793941959149960309933682866059975 192154715105221442751576474634797839778
312812134850621030075163406608752803328	0.0#41465870706060606689699857814850788091 326881041311274087926308430764452211261 55984931786486845790062718926455508193 309056596768509273495815353521690294941 221922924981771659565470462298909419959
313194739491190771437506098396173936338	0.0#
315148726705214904810666771254462955294	0.0#
31519933618097638655715012822197621260	2.8781988E-8#
319852845746414394372959735355910262293	3.9199162E-7#295644821699717243647548537138873875882 294418289840301973322672169300394924184 252196396384583199419533291729892458717 237996662215581278688305645343786904460 93525152415939005147939695178168004149
320623492523177418308141946212497002190	1.3743895E-26#208477673914101590792823026484190119295 62713390742272930434272950186583754822 233988019408743130905205477897543988855 231166512711259117298673403487914953168 37887812205584685651731191817385442184
322915946842536611309613311522123287448	1.080864E-20#
327589922550915745862382136046516720075	5.497558E-26#284890347846316027888826461837199819661 147446280414526622704491143082501921219 244822909851628016830737479791662675613 286196157092451033297943563047691267249 79615184574486296677911851031911038381
328304220336168487595353989284969520700	6.574269E-8#
329412344354707289468041222135415491496	0.0#
333314932586295354289520394842689795022	0.0#
335753486104363546355258936060134145408	0.0#
336994395679436394575317174469133363141	0.0#
337792695698017497180645505294594536964	1.05337156E-10#76749811809679181089218493577440177938 52508149669061510817327887049831564219 269136737031028375564560289391598113735 66768204399459328209830463236985352990 306015000510617227356822430709508608658
337893577159762039868646251023859051151	2.4492318E-5#
35131958884688420607747727386192861682	0.0#
35930894550537761840481669226726034231	0.0#294418289840301973322672169300394924184 284510239251910046427593057486449185085 230211704609983736955191045959821664132 248107675026953395158100743559842808299 303658122032623818033587784438458771327
38610367574135849704079598134278430870	0.0#
38974809964672384410431758397205172488	9.8651284E-8#
42188643470775289265098562464962849675	0.0#
43385684026804673266102801161996669956	0.0#
4618248024852663188326731085254352330	8.319001E-7#82115251859512305467122541804482239805 133115618397863597710420164676453872319 175530413420366779126245219970408004947 334105130735973118292610272712653547774 111217819059895653196447364979218189099
4792706302046726222960881736122117416	1.3743895E-26#
53333315599016815788003271131651748538	0.0#
53574257330649294493201710463768238244	0.020762844#311218742172378233346616275946093821692 38173952931891937178632801070243038241 64032941963750223601505696787123138445 1712967822958713490055716528324178036 259479793941959149960309933682866059975
58421091485633086342555266986502467635	0.0#
62659567311347837756534628149954344389	7.2065154E-21#
64230194386896073612840864476828411997	4.1387202E-7#
70609717032687437676721744016195393954	3.767023E-7#
70614991611688538212611206541783540692	1.03126055E-7#296287786238197317133300273858854792 269011742891273932588164655856253091447 333167821653463323235971345946071414244 131802765080162628666440881374317948788 241796139462221771329041646868695215641
71141235910588949557769314802041866003	0.0#201932149300225624726335426860413194891 219778066938364720249498415075674447813 123980185792937310787111147071802491877 152658533362558179034507208923483885827 94924765878547948393269757311093063803
74017891810632116276623318894462897563	0.0#266281110113774288602344934369360794990 244082670584127855549042364059982612834 41465870706060606689699857814850788091 637114970816755370956392831531675520 237163395299574772932379580233955753627
74299033686135660894776345475118287600	0.0#178568440016694569129742307894760651652 74876126461050445901916903442067575015 40956991461260481537841123842116064637 295429788762988877631658208805032729954 197238192089316451235935259157698408313
74537200831604516258996214951314831652	0.0#
74907954897708420817337607217001865709	2.3187441E-4#
82096823048304991365117888104060768960	1.600596E-13#
83378741702044348075633444191258588116	9.66129E-19#119337412437940133144881923208049882442 267455473623903804867807839983631468333 42251458076127011896198057494079202956 37887812205584685651731191817385442184 296287786238197317133300273858854792
8362419169665894435170479189366384739	1.1710885E-20#
84916606208507247657313377395963604435	0.0#
85060344649477543257440976522770329725	0.0#485579059884099510821974804135028044 48892117250805672711781478645323542427 83378741702044348075633444191258588116 130234240159727504338733905210582270097 131802765080162628666440881374317948788
85188517941400026780805283408483242506	0.0#112296511160766470112242232824934644059 292095199935464449347796662055365909917 110824165306553589989314991731425226875 243084297874786042121419107406689939600 189830925458022280300293042492324625047
88053891984365756350607484846437566818	7.58083E-5#134228243943421288073123661490827030844 308183573719544322355754103234912136621 43818979484444404209785013612958785680 158177737747677064520155153709620867465 178323052824258282451222141492114231086
97128832758432281281494410956563295636	0.0#105248062178156093335709732175187660031 262433558085549260265002796329378027151 201128819162656682089044830575433623895 103751910713428188153876680451043826394 38714125718871173819171444214823818289
9743913949319617372949665705334403665	0.0#
9878539237790787007700401910133635894	1.0001042E-16#
