10360218150800413508994809208947377658	0.0#
106467124460109866925085424762333953361	1.3743895E-26#284510239251910046427593057486449185085 145426432921133749317922477714102706808 176454884215181985090844963688452828312 125087506144108508443093485443742227044 1111045540444303396409349607180772562
109141332336092307161705017715396353608	0.0#119337412437940133144881923208049882442 97008356640547621048472268562410523068 326881041311274087926308430764452211261 41465870706060606689699857814850788091 284510239251910046427593057486449185085
109909020470000192526071078037307496577	0.0#98522594040455149612755710228055564039 160528714542353058554423124753882573212 127515294128987022479632720667476972996 238706853608781605526589384373765583135 224655408241855476899865338937419003724
110485858044187440696516684096107864553	0.0#
110824165306553589989314991731425226875	0.0#
113549645950665628008277107245374917408	0.0020347054#304479433570707725189490986150760328430 195832701359192881383358236460187938362 206698051375835978397445864998332858880 4060477310201778728807173212534938487 64032941963750223601505696787123138445
113575162294127105873863181569266645353	2.3708455E-7#
114768128320870881814595091522075367065	0.0#
119669911364591216492011284267338792948	0.0#200123785415024271193581191514762534088 286238926100688982867957511056213321544 182090975327830114446517525879885385720 33440143659931607907821278315962500418 131288940559828542111550746248527082622
121921936999615245777750246260251550136	1.3743895E-26#98937185561978079459482218053265303043 271500763985803253075645216616848875245 327895936531498448736003626767846136692 156471617313644419826686265789184402299 290470118573576527831061423192100041954
122300157104530735730059483921077382718	6.4412296E-7#
126294456530018525530300841927680886689	0.0#241126828670820883402734062751553380026 1712967822958713490055716528324178036 95560175400544789812252478181447683337 191692921926133171726963231382389178399 101155342309099023457763396483187216711
126662092726752021772659403282346216259	0.0#214917686594559236497547622533457258166 216447409280972698690390348918908338946 147157785195025897913289327507587874877 229976412844726950040947127043148777229 269011742891273932588164655856253091447
129235486445146975540282986602697278056	0.0#
129777260012858831031299625343093094301	0.0#294418289840301973322672169300394924184 134912212265104509899490636587387286579 221164272451704998254712582512671295986 299644241297891269296104552626346255212 37233317212491938378092167824196308415
132722440075349855947161238635114232802	0.0#
134409876727261724476478082572530314119	2.61134E-25#119337412437940133144881923208049882442 156471617313644419826686265789184402299 157188638945719359902474536166866446614 75848478160215886341330894882862174140 229901024565147618110698686803035526158
141826383486621161770196488826983449023	4.8406355E-7#
143457953289753431099337413106690233823	0.0#259571959221337745035781592770057057389 39938239410437497581543003619305955837 76777647797893552212673775685563208776 106153766022358959300851279860610095146 280977461714919056679049292010678396068
14422838876333252177147022771297875842	0.015552686#294418289840301973322672169300394924184 252196396384583199419533291729892458717 93525152415939005147939695178168004149 251290491686687990246865529160711840622 40724268349673808439916910640183077972
14551104211934058326126297219883236748	1.3743895E-26#214917686594559236497547622533457258166 171133593252628295596766071408615579913 308183573719544322355754103234912136621 158177737747677064520155153709620867465 209424659118912479046205327913078290397
146699297930592807436162280873668642957	5.793437E-6#17099264582787786523138081607100122788 221922924981771659565470462298909419959 277408202628260113749690402376079009218 150291941336524152968493141264618540451 295644821699717243647548537138873875882
148365421813762661271226678996635303723	0.0#59269441443004723340504683642983052043 53749052749580489125791791896076309708 43385684026804673266102801161996669956 124453621586236115843189070294401446568 185081002190082772328465718460759054214
1484027231423131599348801871714235581	3.9834347E-13#259513360477682676917999059645431749933 133115618397863597710420164676453872319 284510239251910046427593057486449185085 248107675026953395158100743559842808299 125087506144108508443093485443742227044
149489171834534261481539058031116386391	0.0#129465001822904914444911400539797308830 3818195524442394176232587995233729398 161832211908315165204970076394074634802 117101687181509123435095894485526738213 97008356640547621048472268562410523068
156471617313644419826686265789184402299	0.0063490844#119337412437940133144881923208049882442 245102152482178792697353407035423841442 97008356640547621048472268562410523068 198968107965812983467725138874886500903 213388888274349038749820074481864560644
156898035471859568946889328080176715580	0.009743293#64032941963750223601505696787123138445 311218742172378233346616275946093821692 192154715105221442751576474634797839778 259479793941959149960309933682866059975 80864486632161759425781019242157304936
157866138029516173464507429858722969607	0.0#37243378273862564826444739492399847880 132776495224729843957720611484986824077 10360218150800413508994809208947377658 230377424677362154217680145779246630136 229525102923836734676467040410178731026
158177737747677064520155153709620867465	1.2519042E-4#209424659118912479046205327913078290397 285251749780718848044486666203007691216 88053891984365756350607484846437566818 37266577905025371833303912520705609036 134228243943421288073123661490827030844
159773151818607448252292947045892447117	4.4994755E-7#
160593922349274245578243274232924668130	0.0#339423446693748448064500732208259357525 258445086495839543554432541215269526128 89428626876922391736643081412940471355 194221702577723228169667863237428460901 91486105076161328598833599043657784354
162872578049868174014268833537947034562	8.5897847E-7#76475794897674139115079300507384148957 165112824130588477791964759693104316397 229209374760066091091656202709361501868 283128756498740560589859924136107541886 83624382454629768688587941152262588748
167514103735378783868836466534947995581	0.0#
167796545932060213647106853827736468361	2.1966465E-14#
169271240156895611799465399264106338124	6.547979E-7#
169800050351454197940329453098389673689	0.0054567754#284510239251910046427593057486449185085 145426432921133749317922477714102706808 294418289840301973322672169300394924184 37233317212491938378092167824196308415 93525152415939005147939695178168004149
169992081262682479435189361153937529653	0.0#88797801229629311984037301552274232601 134228243943421288073123661490827030844 266884449737532338418575298340737740601 258709176864599488288795922563110407305 158177737747677064520155153709620867465
170751388721626141385158228573206046611	0.0#63603126664078514456756417579013826659 77282496729045770526347298112320501712 153733724025981095598605976315084440704 257241199191765762632860411870120657222 59725579575789508676997268933236320333
170959022529607073271713154399883861195	0.0#
17099264582787786523138081607100122788	1.4116647E-6#
173019852984967939850839532180390856954	0.0#
17307312050995821276613337368966281296	0.0#124755461235559484338789911268173943510 327895936531498448736003626767846136692 241829675753345939587326843120035906653 62794112935980654899276582508597694696 234214733761946091005534434133737084289
17514016906112702813889816256090300212	0.0#
176420697976597003711046894871316970452	0.0#
177158255316932828847567181900627972177	1.3743895E-26#
178400067990794464085255600198089800280	0.007094736#137243189830618968906999516584231304228 214917686594559236497547622533457258166 75064076505977725338287561605216146024 328841395149836724782535920171168726804 129783864595772763185422593755397850589
179416559937458027777718482951397038829	1.8788101E-16#143105911989371816828245434764311206713 267455473623903804867807839983631468333 37887812205584685651731191817385442184 9878539237790787007700401910133635894 82247681098100387520514905650468531021
17993643191360235770558527116788816959	4.8012132E-11#212293200793035853288343529900682309203 212377801703093335732312462814085848264 1169390557482135722042331993712951686 298587154943827895904615363596360349299 31066040057175855532808651337575436903
187068146281966215873504481283065213992	0.0#
189442247501195041328552484873507522411	6.871947E-26#
193873907754628593631742700734149529601	0.0#27422856858892606234634762179519208589 8516442787078501125880386419639628719 105248062178156093335709732175187660031 95323639657981432560437169790055635745 97128832758432281281494410956563295636
195174878492283053344925904673186269643	0.0#
19661343561796558106448393180193665481	6.018657E-14#141929379452989701788902716265969484230 159786960369200446502924129953649096332 282771991524459442084903916065826472670 289942191125387211444224128344704880499 302220634391745954130200016629879702498
199582685523712194721646283937875604578	0.0#
201657894674200982764694961532686765663	0.0#43818979484444404209785013612958785680 336891660792701385445639420434677598578 95389285824145113392551440829866916376 88053891984365756350607484846437566818 229976412844726950040947127043148777229
204924805455167904510083928270251329153	5.013425E-4#247514764640856458568531371123603961997 304479433570707725189490986150760328430 159033116681281466126539551682703167208 94378894197004737386536383691925264742 274052191892782929153143588940007456968
206461502685355612864275819093455414678	1.307048E-9#
206547569696610074153617921648436562788	2.748779E-26#
209967875058244691571297644453422457433	0.0#
211864568681657331269997910811628335746	0.0#
212741431627771757068347738849635367985	8.547005E-6#295506661755970061692270184006782445983 337757264672707671313215400636672011459 183090195617420403694763448685197820542 156471617313644419826686265789184402299 165761049798567581408148360859676925066
213598893765527110122544493061075044857	1.5319806E-16#182254940253123281529874683178469352472 204362060973951222750041528939039463163 200266091901307780933716305179392873328 186139942777031850224416644435746494626 327895936531498448736003626767846136692
214227119721764703203540916852374630274	2.748779E-26#
214917686594559236497547622533457258166	0.01729096#153342311015769518513595145341069179818 64032941963750223601505696787123138445 178400067990794464085255600198089800280 129783864595772763185422593755397850589 137243189830618968906999516584231304228
215682306944828836714538752553568422262	1.307048E-9#
216015214917705385259027243809908109213	0.0#331652327833785348676066748797862686293 232017721672467270439231252303314481279 29107470709479950854272678532764799346 7656207312488016372076319126590443714 39952014804778382411505257856610983524
217567122762268266175139221449343657135	6.871947E-26#
217773264605019090677936478371298890006	1.3743895E-26#225671992739282931529650585277338418550 59870759968270295183953265584451018596 160528714542353058554423124753882573212 200266091901307780933716305179392873328 327895936531498448736003626767846136692
219323903603950409496351857096125566463	3.7284483E-6#258709176864599488288795922563110407305 178323052824258282451222141492114231086 23823865509461031111139649601087767999 285251749780718848044486666203007691216 172656845945890887459823056829577678585
219843509333357616150706604730083901418	7.2065154E-21#
221164272451704998254712582512671295986	4.1231676E-26#
221821251048536301556958076235494018473	0.0#
224850683812079353399228413706019125988	4.8406355E-7#
227562959820448170958038846342448059453	0.0#151583073912349509242693680304935036336 105312916104874090673939651062524701112 57208211951576927473865748811801805291 115778192795129944388509032123176215803 312520431329179805996431257374952591821
229976412844726950040947127043148777229	0.0020240634#271500763985803253075645216616848875245 214917686594559236497547622533457258166 95389285824145113392551440829866916376 129783864595772763185422593755397850589 299230709489733563621449960978591817843
236155130553006015462223869461575639415	0.0#
236286007355323153078709477889408774694	0.0#41465870706060606689699857814850788091 29936718762817603373648510737084599746 236954937805604448755852853693307437352 239340692183070239752581305210446890376 213594843155541106933242455763100395377
236954937805604448755852853693307437352	1.6360768E-7#26005661683249981277518396337532417030 41465870706060606689699857814850788091 61484236270195184132550232599148818446 239340692183070239752581305210446890376 64230194386896073612840864476828411997
239938647157056942507940067669966469024	2.748779E-26#
243601637573067180481760097920390785638	0.0#
248924416087890846467163946056914623650	0.0#99565894347562893925173979972985031952 49450034838584590749072231500596589863 132722440075349855947161238635114232802 146699297930592807436162280873668642957 310333554929793515398206690132226740769
249924898854624437365424824271288013915	9.77334E-12#
251476470348624635163227820239884678079	7.83888E-7#
252196396384583199419533291729892458717	0.014699815#14422838876333252177147022771297875842 93525152415939005147939695178168004149 106153766022358959300851279860610095146 251290491686687990246865529160711840622 44564659627154659293937750159529829882
252383775401064529785178698946583976446	1.3743895E-26#
255280252666028007774822275747959271369	2.748779E-26#29936718762817603373648510737084599746 156471617313644419826686265789184402299 336304488196729041882655360783810355989 296287786238197317133300273858854792 291160833840087182770075952996594873963
257789485339256160391563895178361067344	2.7870033E-6#
25846893321456091923653845931433767490	0.001373387#1712967822958713490055716528324178036 53574257330649294493201710463768238244 64032941963750223601505696787123138445 38173952931891937178632801070243038241 246274778675313575105280689569663865036
262700947356676480722919089091638784480	0.0#232017721672467270439231252303314481279 156471617313644419826686265789184402299 134510205270280390968778444643228859708 97008356640547621048472268562410523068 326881041311274087926308430764452211261
263222424705039280816488083453409610442	0.0#160528714542353058554423124753882573212 59870759968270295183953265584451018596 187068146281966215873504481283065213992 205237317876491136299493449330695406919 64032941963750223601505696787123138445
275828660651022227207934922055038621150	0.0#
280061948337325255690839130639251304057	5.449462E-6#
280812025003046425103523926419522508981	0.0#
283465587959366391254510871667493916314	1.6676796E-7#108771242931156240061697931809834171942 257789485339256160391563895178361067344 41096784931458508541826559406080450925 14667587740516108455772245949347144161 172596240991997442956428730269913495919
284274280002703596996511494098409712620	0.0#156471617313644419826686265789184402299 283128756498740560589859924136107541886 92150020811575476568929000405816438512 97008356640547621048472268562410523068 67732414685453698948206925442073393351
286078007548227115525269128075009897898	0.0#
288481306974136849067156556238951379992	0.0#29936718762817603373648510737084599746 257577024083018851402173832058441705417 156471617313644419826686265789184402299 255280252666028007774822275747959271369 30446152723884487427014048668234112180
290470118573576527831061423192100041954	1.3743895E-26#
291492062856758829199054731868218128489	0.0#37887812205584685651731191817385442184 182254940253123281529874683178469352472 57208211951576927473865748811801805291 178965268875543291100485029186345307072 167589815323402224497594104106641416754
294390828414916752413241597465282880499	1.5459769E-6#294418289840301973322672169300394924184 70609717032687437676721744016195393954 264183064410292325536684747521314643098 99565894347562893925173979972985031952 150777265340840569071614500800251618944
295181469094633675005210868363233909843	1.9066881E-18#
295429788762988877631658208805032729954	3.831662E-11#206706609678464376908865685039624428209 284510239251910046427593057486449185085 212657577598352705256702906397032600195 145426432921133749317922477714102706808 255570163263014291056603670066843438939
297434906996176143366634849758284824817	0.0#
297988563279953499739045932433190426933	4.243528E-7#
300600286665505022108798120655229035763	0.0#
307691043517447401099991548180233519827	1.080864E-20#3570951434873314813014243855374778112 253050061113968630936378768708535821722 236144123939018054448477496965018031089 103751910713428188153876680451043826394 39955537522925736718131116213778955368
310406302257275667051687285259711870647	0.0#
310509249514774452558014448740297346318	0.0#64032941963750223601505696787123138445 113549645950665628008277107245374917408 304479433570707725189490986150760328430 80864486632161759425781019242157304936 214917686594559236497547622533457258166
311500924535109704270289873754098636628	3.2498043E-8#14667587740516108455772245949347144161 321284177039199173819309543304779365402 113145492763060609818649992429378943018 108771242931156240061697931809834171942 41096784931458508541826559406080450925
312520431329179805996431257374952591821	0.0#115778192795129944388509032123176215803 217032144108758434166034075861071685698 234764616561767221281368763095897678377 217773264605019090677936478371298890006 165054259022734528873375883945620324896
313422863002487949629318495440367897234	2.08647E-6#
326733570214136746005183239776497709794	0.0#
334543463422606297468637123290987453087	0.0#
335958199282017917540862336458539028159	0.05598185#39016977094134687121681101995968924050 333167821653463323235971345946071414244 269011742891273932588164655856253091447 81083871557970115297473966106678560670 147157785195025897913289327507587874877
340064044018802351138666639426606938338	8.703294E-7#
35333848258347592938863662685548164285	9.00717E-21#
36464299610993031523470215706205601640	8.703294E-7#
39938239410437497581543003619305955837	0.0#
40956991461260481537841123842116064637	2.4492318E-5#
45955236532567957114605542385737698883	1.8865003E-9#
47336162581662727539812501448731993432	0.0#
48160741792489412484669297476700736980	0.0#1712967822958713490055716528324178036 134510205270280390968778444643228859708 160528714542353058554423124753882573212 64032941963750223601505696787123138445 59870759968270295183953265584451018596
49288856607580465698273199742595045991	1.0828969E-6#
58496930159187676550020406168482011172	0.0#
58704798419903351067089812454093194677	0.0#321547750334109321333181618720766632099 119337412437940133144881923208049882442 225671992739282931529650585277338418550 305487686777243035377306976209025801327 332848914341590321772893124422282038432
59725579575789508676997268933236320333	0.0#
65658299683644780672209127506309057929	0.0#
65889047539577773819162210118543238206	1.3743895E-26#
66393048855442924921264449607138453122	0.0#111592415086064977921210056825105941023 17918582899983140576437674916983704723 95449670015008658206313446657623078699 212022431141930958058908575831840928216 41366686585332486219168108007242821747
67732414685453698948206925442073393351	4.0561773E-7#283128756498740560589859924136107541886 276404501448333266071058120832977564302 133115618397863597710420164676453872319 206829588703874224270276878384272084366 297988563279953499739045932433190426933
69627176506351043505840776212847551175	1.3920958E-17#311218742172378233346616275946093821692 64032941963750223601505696787123138445 223271324239482583023608235690793612285 259479793941959149960309933682866059975 53574257330649294493201710463768238244
76673224573128484581333245703819530121	9.00717E-21#
76777647797893552212673775685563208776	9.00801E-21#62659567311347837756534628149954344389 106153766022358959300851279860610095146 261363233894904173475552950308040612372 8362419169665894435170479189366384739 219843509333357616150706604730083901418
80655693571670108132996702638099374846	1.8788101E-16#104828107203992490847021457928552382733 205813977632542686978302900747896098452 321547750334109321333181618720766632099 99017489027990616389103623119217536367 159033116681281466126539551682703167208
85709961121092795185072456347237043867	0.0#190575554758618750466525139715750781981 283465587959366391254510871667493916314 252950999285205049564949480818988273159 244422592492833930338122932610661505888 333784319320528874084789414957865485981
91270410108653944248995452721638857071	0.0#304538523614684763645326983390100554123 97008356640547621048472268562410523068 121169974560396204606159748884704507800 226479845950720145357543489418772182544 188275037395885823947420702423042825057
93782778421507525736925725146632778810	5.7030798E-6#
9815248961956525915755382379573177248	0.0#291160833840087182770075952996594873963 186952102504667897618646614600561051609 203557631930978181035467048946902142883 236954937805604448755852853693307437352 206657420787526184357559109338189005491
98503226685578212159509843070005642565	5.03497E-4#
