100104814460745585231211956058931906958	0.0#
101155342309099023457763396483187216711	0.0#
101698325806315379639151735279162153283	0.0#
10176627865937514691665694800938673879	2.878914E-16#4060477310201778728807173212534938487 166512322004995566323543726904471015240 254910706308470262299936906317406775205 301963573155520767775226779585887193934 182254940253123281529874683178469352472
1111045540444303396409349607180772562	0.0014196562#284510239251910046427593057486449185085 145426432921133749317922477714102706808 73439588521435125800966339236828075942 93525152415939005147939695178168004149 169800050351454197940329453098389673689
111257280451793193824374427597463279604	6.0140056E-4#
11213369062616787772162732519710728040	1.3743895E-26#123598423878310268013443718841679922367 39973340393071191277061410081644097755 256446954723841636760676341851963745118 63693623388080060014771199926805265987 119827365515155217769636073624848369324
118171249109744529510960692268475562110	2.748779E-26#74876126461050445901916903442067575015 221164272451704998254712582512671295986 311109874807180587440981028548942248254 206002930198465504637705251319735512236 246999727129784288801565880950443544144
120346962812241728467725830294320481151	1.3743895E-26#118322356771144777332342757732843793528 318131986219228336750687904972012068607 170796915791319302201461642790315544098 297888678748967276840577303909412369383 199226294625480739268489295193256300834
120602418271780897929547382787455472377	1.3743895E-26#
123140448791683636511599143765578386733	1.3743895E-26#
124539027847854703145682725519509787138	0.0#
124755461235559484338789911268173943510	0.0#
128063609846059852274526807889698773345	4.5201113E-17#
129946109599872752306864783036668684478	2.5084783E-17#113145492763060609818649992429378943018 69627176506351043505840776212847551175 247386920618901500008409563792998009258 160643520295805188068316913566618425244 159773151818607448252292947045892447117
133832037834640190655640880806440486432	0.0#
138905553411732662928581519768173760189	2.748779E-26#180631236830463689805868117030690924089 89609824741239822744880665495766817472 294418289840301973322672169300394924184 266684133977745417775723391408289122416 109275166593816131574062572700323251816
14011286245753718478165096797397724530	1.3365909E-6#186139942777031850224416644435746494626 209516636680095386400125718785147219475 292095199935464449347796662055365909917 41465870706060606689699857814850788091 327895936531498448736003626767846136692
140332502282261132095754163613377410388	8.991845E-19#
140944886528556020613275173178438472596	3.146501E-11#228328524531602818343752711494439392534 284510239251910046427593057486449185085 295429788762988877631658208805032729954 240224301573841502038305965245995255622 290817783841057944103641881046506903024
144360701411277973616160451078339468737	0.0#113054866165111327940636474092956819997 140635859426134470530810084145295393390 134249111643366593328055680337277878559 325721180742450299433481639570458206715 58641614699391282827211482706296963111
147545419724739970243173578017931792621	2.3987539E-5#
150016628603125493188562099221056237789	5.497558E-26#64032941963750223601505696787123138445 214917686594559236497547622533457258166 118101895349641699059424577213429127123 309132039060620560460703183402856355184 119337412437940133144881923208049882442
150291941336524152968493141264618540451	1.4116647E-6#146699297930592807436162280873668642957 114668847584713734252809403232894882647 289524850305361165946991052586600049312 15762823868486490736040136153350524528 221922924981771659565470462298909419959
151583073912349509242693680304935036336	1.0101574E-4#8516442787078501125880386419639628719 69717665715511847251802046096778662229 55609466917805955510944158148434223728 119130924790163007148451560600107241195 147545419724739970243173578017931792621
153047230633135380764526642764689280072	1.3743895E-26#96986947405959940051473053808920696988 111217819059895653196447364979218189099 51342388923533316087202508129906416907 135975887420128367637483255587261025927 287721965217585161441143669939341161529
153342311015769518513595145341069179818	0.0040684706#
157265622456866863021756506206858758746	0.050235458#269011742891273932588164655856253091447 131802765080162628666440881374317948788 153813971446222387699867657348902854798 241796139462221771329041646868695215641 39016977094134687121681101995968924050
159786960369200446502924129953649096332	1.0915292E-13#209475270423138084561355783618457470650 1484027231423131599348801871714235581 284510239251910046427593057486449185085 228651350806002150134610067219555966453 125087506144108508443093485443742227044
163881635473634993887815681574865001069	0.0#26384545356406256499508183619357005445 56337000073665622242053648669958322185 268706337336559760426165753987174407381 182508721914531348095088433142981056748 103751910713428188153876680451043826394
164255597301926520971795174413797898158	0.0#
165317077764519104918241511449952492996	0.0#
167589815323402224497594104106641416754	0.0#
167787019122824641709271222239895838814	0.0#212377801703093335732312462814085848264 26219074834761412185585892083954272730 17993643191360235770558527116788816959 272209365812442851485211847068039289312 82181131717090620735478494296819771934
169009455096675555411107933007607568607	0.0#331791460663330654823644327670885360736 37233317212491938378092167824196308415 140564574487429310261815530780405305263 61181589428625099233979634315702068746 88960064016464075073204811650534633697
1712967822958713490055716528324178036	0.023378473#64032941963750223601505696787123138445 119337412437940133144881923208049882442 195832701359192881383358236460187938362 108771242931156240061697931809834171942 80864486632161759425781019242157304936
17918582899983140576437674916983704723	2.8984093E-6#
18006574371051028071493043544398356550	0.0#
180948616611448054793048764108764130721	0.0#
181893550172112824387173613011416710079	0.0#
18401172720364074408913317540556872579	0.0#273095251799834380228025686129635887946 198212111904620085060652865216111586382 113575162294127105873863181569266645353 103751910713428188153876680451043826394 1712967822958713490055716528324178036
186139942777031850224416644435746494626	2.7735161E-6#14011286245753718478165096797397724530 155789302963045747154886064662059249546 327895936531498448736003626767846136692 82247681098100387520514905650468531021 292095199935464449347796662055365909917
186673077816152102947226083697274803893	2.0501982E-7#64032941963750223601505696787123138445 182254940253123281529874683178469352472 182912734431941219465477914840537408900 200266091901307780933716305179392873328 304479433570707725189490986150760328430
187267735733428092394612026132380089353	0.0#49450034838584590749072231500596589863 197338090391823745088788968548502121029 38974809964672384410431758397205172488 300600286665505022108798120655229035763 74537200831604516258996214951314831652
191395454771022577131146827446913475739	0.0#1972935099271636337892223344210555005 228635509284719887173873089177598914962 235766636254681444131629007561522031293 321685799059675915289286190778872363335 230377424677362154217680145779246630136
195291760089059005717103538836772793940	4.253489E-6#157188638945719359902474536166866446614 206657420787526184357559109338189005491 181489149820087729600862047626072972613 74061202584131696811542623598151708166 256286661314856012231102782882476384271
195832701359192881383358236460187938362	0.0064924173#267455473623903804867807839983631468333 304479433570707725189490986150760328430 119337412437940133144881923208049882442 113549645950665628008277107245374917408 206698051375835978397445864998332858880
196277491111688747928007347573624250320	0.0#
1972935099271636337892223344210555005	0.0#
198212111904620085060652865216111586382	5.085241E-25#
200698795122433528430958243075070124398	0.0#151583073912349509242693680304935036336 8516442787078501125880386419639628719 79615184574486296677911851031911038381 262433558085549260265002796329378027151 106526060101409293450144212544228203120
202216933840780194364528922745953751453	1.9066881E-18#
204587929431728657973029330969416892526	0.0#
211225618647143651426597328186381705367	0.0#120602418271780897929547382787455472377 8560955277094323405579237392850891505 195832701359192881383358236460187938362 231114909416322603258982276594347369208 247677326709162141026859265632340080058
211325144763102254899290493898728071080	0.0#
212293200793035853288343529900682309203	3.7486743E-11#64032941963750223601505696787123138445 17993643191360235770558527116788816959 212377801703093335732312462814085848264 188580221850008893185684697176689312492 1712967822958713490055716528324178036
212479749850739455598083391891732284560	0.0#301963573155520767775226779585887193934 321547750334109321333181618720766632099 4060477310201778728807173212534938487 119337412437940133144881923208049882442 64032941963750223601505696787123138445
216029825206838768544137548589539246360	0.0#
220599838960122958572578257762401799667	1.3743895E-26#283974972852838868616907298633617976882 219323903603950409496351857096125566463 61061509773560296549127988509020204101 222336008307504967756526728755331420116 143892821185678952466026166876450538590
223707865283227841832709180248830315946	0.0#
228651350806002150134610067219555966453	4.8966355E-14#284510239251910046427593057486449185085 73439588521435125800966339236828075942 248107675026953395158100743559842808299 148338284019512431565053171909775861449 145426432921133749317922477714102706808
228738186602331412584439616654046710846	0.0#76777647797893552212673775685563208776 150750614083292463779514312469170503147 290417218933488688805250533228068412493 143457953289753431099337413106690233823 259571959221337745035781592770057057389
236144123939018054448477496965018031089	6.1905476E-17#
236405856484225393679312665883828877975	0.0#37243378273862564826444739492399847880 284510239251910046427593057486449185085 311119225811661495696029374682681132922 93525152415939005147939695178168004149 313329352324524212864809572673616148684
237916712130660006178130603763077285772	1.08086245E-20#78838788025843977328969711515194894045 308183573719544322355754103234912136621 258709176864599488288795922563110407305 96610377384837146561721552201909681848 66287231212468572388959987168858504722
237996662215581278688305645343786904460	2.6872717E-6#173786166519073001535025131386931130195 150777265340840569071614500800251618944 99565894347562893925173979972985031952 169271240156895611799465399264106338124 248352859439203738413572688350754570025
23886236085692092749829892603566019023	0.0#336891660792701385445639420434677598578 286830164119790435410455891794296964404 791748818720304333167735462272434643 143046382235429030278676960552526022981 2432423913128098754851639629683025937
241126851708186466855957496825566825582	0.0#
241171590331347457290500487629829338248	0.0#259571959221337745035781592770057057389 106153766022358959300851279860610095146 252196396384583199419533291729892458717 251290491686687990246865529160711840622 228738186602331412584439616654046710846
241796139462221771329041646868695215641	0.019772261#269011742891273932588164655856253091447 131802765080162628666440881374317948788 333167821653463323235971345946071414244 130234240159727504338733905210582270097 157265622456866863021756506206858758746
243756249860058960636387740477554511469	0.0#
244082670584127855549042364059982612834	0.0#266281110113774288602344934369360794990 28345136364933850089566668395365331807 264610719605252106840731745539394510999 2805469862786376798065562428221719193 637114970816755370956392831531675520
244422592492833930338122932610661505888	7.4426048E-9#61518228462803140783461494507846498585 285070489513123957209659176214619361296 185374542571355410002145968550212686663 238392778971026717964897698637922720554 45955236532567957114605542385737698883
244822909851628016830737479791662675613	6.871947E-26#
245102152482178792697353407035423841442	0.0061544995#119337412437940133144881923208049882442 330254090487204065512243801899323777887 156471617313644419826686265789184402299 41465870706060606689699857814850788091 293208902066217035542029563129938258121
246088857517589628094858926687688587113	7.4242495E-19#
246349167755749416649994464404566136309	0.0#
25132382260607552234160861635816922774	1.1272574E-18#
253050061113968630936378768708535821722	1.2610076E-20#178400067990794464085255600198089800280 236144123939018054448477496965018031089 307691043517447401099991548180233519827 66771266297146152256659304342382641825 322915946842536611309613311522123287448
254241599455436528296375474470014416791	0.0#
256286661314856012231102782882476384271	1.8243165E-6#
259006862314254014323731641612838140317	1.030792E-24#158689435338304033814567691214955197194 159318836886529917886400383481793588738 221495767262285249569356573145179320209 153778829194777761206510298450099964007 237163395299574772932379580233955753627
259382739539730749315267252347333249170	1.3743895E-26#
262249437762715069479435535480051060777	1.3743895E-26#
265635519379541681805753582541437256228	0.0#
26665015424899994318970184090407201661	0.0#
26672064337189823004402385064073377549	0.0#262347468142395928794201350067329995445 204092088061817950957766322477580604870 127220146813148505841960298360920479497 84916606208507247657313377395963604435 337443428240539093088586890004273934783
266885986442696068498089597944347679681	1.7626633E-6#
268336307813961175233864960870029864598	0.0#99565894347562893925173979972985031952 120374785976769317728673094568832818651 295644821699717243647548537138873875882 40956991461260481537841123842116064637 106754645713708449401237439773796284169
272209365812442851485211847068039289312	1.8743371E-11#
273946542828741584392295048581115979564	1.2741526E-7#
274924694804589830339031007244470451379	0.0#64032941963750223601505696787123138445 214917686594559236497547622533457258166 259479793941959149960309933682866059975 313422863002487949629318495440367897234 197576864099014614345697608069466617558
274999494380077046387825000544895641919	0.0#243756249860058960636387740477554511469 155408808649743360499737328689020701802 274002958698288420561643668581178831445 140332502282261132095754163613377410388 23288785117300119977841416249496393347
276140435804531128830792922756530949329	0.0#324306232354516217219814292716611951204 66768204399459328209830463236985352990 61518228462803140783461494507846498585 25980680367076164905447266627833689054 269011742891273932588164655856253091447
277206567536637972698601573400096099691	0.0#133115618397863597710420164676453872319 303658122032623818033587784438458771327 158988610135721754735544128942066143556 159786960369200446502924129953649096332 90905941323114040852132089841891288999
278353660944825532035857874062513991980	5.2226802E-25#
281157744990407251793798920366326803674	0.0#267455473623903804867807839983631468333 64032941963750223601505696787123138445 33709755248290395139972338376884020080 260907912469185546753718338665745404926 223271324239482583023608235690793612285
282296033283148466474424413949611595454	2.0694357E-5#66287231212468572388959987168858504722 43818979484444404209785013612958785680 285251749780718848044486666203007691216 266884449737532338418575298340737740601 134228243943421288073123661490827030844
282771991524459442084903916065826472670	1.529949E-6#
28345136364933850089566668395365331807	0.0#
284723924846833326106484327671166677646	0.0#
28552131942376555190491577252400916735	0.0#47336162581662727539812501448731993432 6396402286200770083959267377257714925 166806543696108545769080538278951931393 25142062070627633972110115570682023714 183511116931295830350822459903350270333
293208902066217035542029563129938258121	0.004387606#119337412437940133144881923208049882442 156471617313644419826686265789184402299 245102152482178792697353407035423841442 198968107965812983467725138874886500903 188707161876881368151749409735958468935
29690808837293560423406407084960405076	0.0#
298587154943827895904615363596360349299	1.8743371E-11#17993643191360235770558527116788816959 64032941963750223601505696787123138445 214917686594559236497547622533457258166 212377801703093335732312462814085848264 103751910713428188153876680451043826394
299230709489733563621449960978591817843	0.0019333507#214917686594559236497547622533457258166 229976412844726950040947127043148777229 137243189830618968906999516584231304228 68776687549495554256017727745779500687 129783864595772763185422593755397850589
305890300841971300595298269266553793479	0.0#
307396199602614800045754147516291060443	0.0#157518213213353771603379362877567645961 82247681098100387520514905650468531021 340064044018802351138666639426606938338 84045234160908319109202860606482089284 198708747104728413084582066597380211621
307447933574373724191977602271827377101	0.0#41465870706060606689699857814850788091 278775465806960981864459414938256842350 133306375882085788362465403198761348032 236954937805604448755852853693307437352 292095199935464449347796662055365909917
311119225811661495696029374682681132922	0.0#288349078820023014471419523089413633198 109281711534141744224685876605670961492 234214733761946091005534434133737084289 308081254073477117623092382089644411014 185729240473653951042663009673655427770
311251218810716062801258976883661436813	2.8128465E-8#211948570806114366813953794021949993845 64032941963750223601505696787123138445 259479793941959149960309933682866059975 1712967822958713490055716528324178036 283465587959366391254510871667493916314
311722313434291397422733953944035075370	1.08953445E-5#233988019408743130905205477897543988855 119337412437940133144881923208049882442 103430434276524245061139520123384622966 121120469509537280483082175265358922427 102056784780448940861003332621124185096
316896317586410461877637105447559558612	0.0#
317141298500031437123557978069661807854	0.0#
318131986219228336750687904972012068607	1.3820208E-5#170796915791319302201461642790315544098 8560955277094323405579237392850891505 297888678748967276840577303909412369383 199226294625480739268489295193256300834 309132039060620560460703183402856355184
320928009146792272634356661845051987505	0.0#52508149669061510817327887049831564219 242456181710541686333964006779188253293 153733724025981095598605976315084440704 66768204399459328209830463236985352990 269136737031028375564560289391598113735
327895936531498448736003626767846136692	7.813616E-6#157188638945719359902474536166866446614 41465870706060606689699857814850788091 292095199935464449347796662055365909917 186139942777031850224416644435746494626 160528714542353058554423124753882573212
328472046095789942244589353117781695759	0.0#32448433267272230388219912151162059796 316896317586410461877637105447559558612 195956636950155633008134369128195894622 102375388445416249164158266809753704026 201316764839397082431198219047893323577
330254090487204065512243801899323777887	0.0014507624#245102152482178792697353407035423841442 119337412437940133144881923208049882442 156471617313644419826686265789184402299 188707161876881368151749409735958468935 213388888274349038749820074481864560644
333167821653463323235971345946071414244	0.08536474#84005414524920930604979186870483785610 284081646920620618990338584531071661096 337143515503394694343516293631695233533 81083871557970115297473966106678560670 147157785195025897913289327507587874877
336891660792701385445639420434677598578	1.9881596E-5#285251749780718848044486666203007691216 178323052824258282451222141492114231086 266884449737532338418575298340737740601 258709176864599488288795922563110407305 134228243943421288073123661490827030844
337757264672707671313215400636672011459	8.547005E-6#295506661755970061692270184006782445983 212741431627771757068347738849635367985 59870759968270295183953265584451018596 239699548776247491350716234967958052808 183090195617420403694763448685197820542
35324943753210272510974086341092699841	0.0#
37243378273862564826444739492399847880	0.0#
37266577905025371833303912520705609036	7.608284E-5#308183573719544322355754103234912136621 134228243943421288073123661490827030844 158177737747677064520155153709620867465 209424659118912479046205327913078290397 43818979484444404209785013612958785680
38173952931891937178632801070243038241	0.005513779#53574257330649294493201710463768238244 141705365482561167129210571335873146795 311218742172378233346616275946093821692 25846893321456091923653845931433767490 64032941963750223601505696787123138445
3818195524442394176232587995233729398	0.0#
39645747688525222741608626589899792034	1.0307921E-24#
40363530771271479597272379067355322250	0.0#
4060477310201778728807173212534938487	4.84492E-4#
40804025343002910344057506944880783194	1.9061855E-6#113886702475889907062216278988411544053 241829675753345939587326843120035906653 41465870706060606689699857814850788091 327895936531498448736003626767846136692 239340692183070239752581305210446890376
47155284514396866639288726867554676395	0.0#160528714542353058554423124753882573212 95323639657981432560437169790055635745 156898035471859568946889328080176715580 112435960761998944894505178654856575251 237303029416211182911401551571467314139
50220396186149184612316852761519062318	0.0#82643464579151037941364657762180176189 79211482727953820206009516829118715878 336994395679436394575317174469133363141 329150919818875164485242030882432283590 230711843959095204157983386500061178310
53384614025227454418499022852008776966	0.0#263942243258690050823094294762517161188 153733724025981095598605976315084440704 1712967822958713490055716528324178036 133832037834640190655640880806440486432 233988019408743130905205477897543988855
54875871697186122711514728823750024574	0.0#
60646843546206948765161807347657913676	9.448254E-7#209516636680095386400125718785147219475 287271366208899636113529409531582498336 32838168667501553588530521917774209283 18799425049088235947395735032712083836 197450405395652363487483049450621087809
60790608881825937255170583060998014729	0.0#
61518228462803140783461494507846498585	2.5400242E-9#244422592492833930338122932610661505888 238392778971026717964897698637922720554 31519933618097638655715012822197621260 206461502685355612864275819093455414678 215682306944828836714538752553568422262
62478413123117037664208709690558865763	8.703294E-7#
66287231212468572388959987168858504722	5.241176E-6#
70060569428094553955759029052754275096	1.8653138E-18#
75630582873166975397758674224909803524	0.0#
82181131717090620735478494296819771934	2.6060562E-11#
82247681098100387520514905650468531021	3.4525574E-4#
85050380621127643977282005469308921665	0.0#
87006967855935808197794019636675547242	0.0#264534222123843116084905648992884066344 21491543413274066320342725955844861463 39016977094134687121681101995968924050 72282851154969919243436433414175723321 81083871557970115297473966106678560670
93079911957777316211327954814410396830	5.497558E-26#
93525152415939005147939695178168004149	0.019932462#294418289840301973322672169300394924184 252196396384583199419533291729892458717 14422838876333252177147022771297875842 284510239251910046427593057486449185085 40724268349673808439916910640183077972
93845877993249787545411508449477817191	1.3743895E-26#
94317750389686141648224257531781541362	1.3743895E-26#295506661755970061692270184006782445983 165761049798567581408148360859676925066 77252666231586858199352179696635942268 74876126461050445901916903442067575015 221922924981771659565470462298909419959
95361500082757820779347296113136060629	0.0#
96056664179343263141077800777676845610	1.4549111E-18#77839075646608348513294697329913013056 266853332376908898842024688347813685252 70060569428094553955759029052754275096 77282496729045770526347298112320501712 260709081451566076276718184999561955673
97008356640547621048472268562410523068	0.004794596#
99672394231935007355213885445322813872	4.1231686E-26#
