100091494040416663935057237862588084680	0.0#158177737747677064520155153709620867465 88053891984365756350607484846437566818 134228243943421288073123661490827030844 88797801229629311984037301552274232601 285251749780718848044486666203007691216
103071109722346685705295529441711403226	0.0#
103430434276524245061139520123384622966	2.5732359E-6#
104151763007088162975342536814409676728	4.5043692E-21#
104828107203992490847021457928552382733	1.0001041E-16#80655693571670108132996702638099374846 166512322004995566323543726904471015240 99017489027990616389103623119217536367 191692921926133171726963231382389178399 321547750334109321333181618720766632099
105985475680660441173574534176884245751	6.135557E-9#
109275166593816131574062572700323251816	9.5262565E-4#
109281711534141744224685876605670961492	4.947802E-25#
111000120156354759379269857878691545820	0.0#291160833840087182770075952996594873963 165761049798567581408148360859676925066 148338284019512431565053171909775861449 221922924981771659565470462298909419959 55984931786486845790062718926455508193
119176874569930057768727716220392163146	0.0#214917686594559236497547622533457258166 178400067990794464085255600198089800280 254891424547045167525363973570429120102 129783864595772763185422593755397850589 286213462383928139388238931629235228105
121169974560396204606159748884704507800	0.0#
123682156988548743550673164936747550348	0.0#
124859441080509912063662332625764656907	1.3743895E-26#
125087506144108508443093485443742227044	3.5679543E-13#302220634391745954130200016629879702498 284510239251910046427593057486449185085 272083217486584721499770523176104570691 1484027231423131599348801871714235581 82096823048304991365117888104060768960
131167479864749486559444155371833386687	1.928617E-11#241697203670048514198090719336351080494 284510239251910046427593057486449185085 134510205270280390968778444643228859708 193165043979442454049304779283599176178 165761049798567581408148360859676925066
131802765080162628666440881374317948788	0.16131093#269011742891273932588164655856253091447 101253177778106934462768525779128978970 81083871557970115297473966106678560670 130234240159727504338733905210582270097 305487686777243035377306976209025801327
132776495224729843957720611484986824077	0.0#338596685268861018175176417152734626341 81526703935917914881923287590258869198 229525102923836734676467040410178731026 297374785399763103585091698464920065308 20808301291665560501501450248954657805
134228243943421288073123661490827030844	1.8387518E-4#88053891984365756350607484846437566818 209424659118912479046205327913078290397 308183573719544322355754103234912136621 37266577905025371833303912520705609036 158177737747677064520155153709620867465
135478211490134918804119305675712134466	5.220607E-7#160528714542353058554423124753882573212 41465870706060606689699857814850788091 59870759968270295183953265584451018596 291160833840087182770075952996594873963 61484236270195184132550232599148818446
140940990539699666231072656856348345616	0.0#
141065561658516677599947652607253940763	0.0#
142021431541244396617083244967090195870	0.0#41096784931458508541826559406080450925 132245443673002607596631102428821378842 178400067990794464085255600198089800280 108771242931156240061697931809834171942 280709647108732570268479272516102803624
143105911989371816828245434764311206713	1.0001042E-16#179416559937458027777718482951397038829 267455473623903804867807839983631468333 303702207777382934626629332473676214928 37887812205584685651731191817385442184 195832701359192881383358236460187938362
143520865019680325426336923185774788360	1.0051587E-4#337893577159762039868646251023859051151 239387021765039577828302650091323683277 148106114238616002285032710987245968905 26742283628533398445097367044105314341 40956991461260481537841123842116064637
145426432921133749317922477714102706808	0.0060136076#284510239251910046427593057486449185085 1111045540444303396409349607180772562 169800050351454197940329453098389673689 248107675026953395158100743559842808299 294418289840301973322672169300394924184
146629138567055993233325949428793766807	1.3743895E-26#
14695359648113430433318451463415772926	1.08086245E-20#332592735244466419185908092918010684096 35333848258347592938863662685548164285 76673224573128484581333245703819530121 134228243943421288073123661490827030844 78838788025843977328969711515194894045
147157785195025897913289327507587874877	0.05310051#81083871557970115297473966106678560670 333167821653463323235971345946071414244 131802765080162628666440881374317948788 335958199282017917540862336458539028159 39016977094134687121681101995968924050
148106114238616002285032710987245968905	2.6038295E-5#339497972997602318727833001210274137898 143520865019680325426336923185774788360 294418289840301973322672169300394924184 99565894347562893925173979972985031952 329150919818875164485242030882432283590
151039601203681108661519257085362561661	0.0#
15473447368257641452735900684596967822	0.0#71378364055159061822257361264198199420 335753486104363546355258936060134145408 317819456310457891525370051805120752091 221164272451704998254712582512671295986 178651276355216194826471778339219579810
155408808649743360499737328689020701802	0.0#
157260946417166045686893577782113124594	0.0#284510239251910046427593057486449185085 93525152415939005147939695178168004149 39345272193205933963875441086906863379 294418289840301973322672169300394924184 1111045540444303396409349607180772562
157923600072653001580400418009144747720	0.0#
159682953393656629767136960654256347309	0.0#
161832211908315165204970076394074634802	0.0#
163157784307976158982547457583806700509	2.748779E-26#
165112824130588477791964759693104316397	7.637762E-7#
167510884846052769560906790274724564941	0.0#14667587740516108455772245949347144161 108771242931156240061697931809834171942 321284177039199173819309543304779365402 257789485339256160391563895178361067344 254891424547045167525363973570429120102
16957798726909295985633937543323968559	0.0013467156#64274999690639712785781780918500307026 148437981479211096058333797042500817570 300964250774980133368386981144505556523 221922924981771659565470462298909419959 163985522774334523207185258884201286875
171578987908257422898758074288624687823	1.3743895E-26#211948570806114366813953794021949993845 181641035213215081284494798017627641308 91106845604802291866583785012053620685 311251218810716062801258976883661436813 184111238320073379833499299323496890055
174880768108554024212700661872967755100	5.497558E-26#
177088185248188156729087793890761076196	1.786934E-18#203557631930978181035467048946902142883 94924765878547948393269757311093063803 206657420787526184357559109338189005491 52380554279944803568908050986400784918 339378749563917831559745046641334003286
177863764761830399659063575719351914942	1.3743895E-26#180717210053121655035744517145905633842 267093596958272274305957584109796041054 260709081451566076276718184999561955673 19896200399848534251148632031714892917 204924805455167904510083928270251329153
178651276355216194826471778339219579810	0.0#
179398986365670306558701691760673615670	2.2993181E-7#
179948723572977120273293013776345563945	9.007199E-21#111217819059895653196447364979218189099 208089785723480069706881250907642736615 62794112935980654899276582508597694696 97008356640547621048472268562410523068 309056596768509273495815353521690294941
180845028970659730206129172153107842689	0.0#
182254940253123281529874683178469352472	4.6218224E-6#
185160030367469559769385277229115927956	0.0#294318067066706160849533956153895702452 199777918445774220244523304012388334855 40602576640870684682044530307794491699 88163164486921985280729726715651627202 41734731319293035665202985872916672431
185729240473653951042663009673655427770	0.0#
188580221850008893185684697176689312492	1.463438E-11#
191692921926133171726963231382389178399	5.3187654E-17#
200261710051207532899617895804989628202	9.059922E-11#
201128819162656682089044830575433623895	0.0#
203283275011638299234436155267299738953	1.3635035E-7#257720038771291009590319852168259822381 296287786238197317133300273858854792 333167821653463323235971345946071414244 39016977094134687121681101995968924050 9371641823894292071536551790930251428
206245629516386798385157880417661883178	4.123169E-26#294418289840301973322672169300394924184 99565894347562893925173979972985031952 40724268349673808439916910640183077972 237996662215581278688305645343786904460 100928325401373197787820986702918945471
21042798774052607042177828475676971969	9.2554593E-4#299644241297891269296104552626346255212 284510239251910046427593057486449185085 145426432921133749317922477714102706808 169800050351454197940329453098389673689 313329352324524212864809572673616148684
211755656033325517438002289334198413221	5.085241E-25#
212657577598352705256702906397032600195	2.7767599E-11#
217005471709527602956768798737124239170	0.0#62794112935980654899276582508597694696 328461805954871948132853721150718876113 151100567822895373196225245219257351049 149489171834534261481539058031116386391 268965172181070736928728105643187994746
218633230433738301130887978816290516687	0.0#
219476629647390264792792064692327178772	8.319001E-7#
224511042314076777315616194215030163125	0.0#
225059036474922192239825946342222801792	1.3743895E-26#
225189427974061224752548208772393867835	0.00873675#
230341373002559335379568290815664316674	2.748779E-26#
23288785117300119977841416249496393347	0.0#
234149890508608554401382544568445995272	0.0#64032941963750223601505696787123138445 130410386393558279470811367857721725056 214917686594559236497547622533457258166 260709081451566076276718184999561955673 134510205270280390968778444643228859708
236870071572187597962712245800252961884	0.0#
238706134939981955043337073994180662470	0.0#
239699548776247491350716234967958052808	2.082616E-6#
243269416248528431209397828554275103903	2.2287084E-7#213594843155541106933242455763100395377 303471790427072266033809710604492276764 41465870706060606689699857814850788091 113886702475889907062216278988411544053 245102152482178792697353407035423841442
244847812813268286533175002363465082832	1.3743895E-26#9878539237790787007700401910133635894 118101895349641699059424577213429127123 227073644685489936653437830735081027743 161262726440654694474744832439312525647 241126828670820883402734062751553380026
245936186975880467856487621184559854673	1.3743895E-26#
248107675026953395158100743559842808299	0.0015976978#284510239251910046427593057486449185085 145426432921133749317922477714102706808 110838606352139739555445183395293893813 294418289840301973322672169300394924184 134912212265104509899490636587387286579
24830678771676407698796958313188774622	1.3743895E-26#146904527384791289554006141974788664470 236144123939018054448477496965018031089 260907912469185546753718338665745404926 301543306097112511681279623520031406990 210806393881375387316460850155702158193
248352859439203738413572688350754570025	6.961295E-7#237996662215581278688305645343786904460 150777265340840569071614500800251618944 106754645713708449401237439773796284169 225399164598547476513128400323460728325 119294362146219027879306113878013973020
249460088201913572420844435208534656493	0.0#41465870706060606689699857814850788091 133306375882085788362465403198761348032 292095199935464449347796662055365909917 29936718762817603373648510737084599746 327895936531498448736003626767846136692
251813561025223651757780388801584966370	0.0#
252302662824471953669829470639062401878	1.3743895E-26#271422585636774255076787933895038052574 252950999285205049564949480818988273159 48892117250805672711781478645323542427 78838788025843977328969711515194894045 232017721672467270439231252303314481279
252433296738753825490015638163624325875	0.0#
253806679067618651434861435324408458460	0.0#
25789775770288576375218033720716054080	5.497558E-26#
259151701102254669529073267058077722221	1.3743895E-26#
259242729308284898327158749056298972503	1.3743895E-26#19322256942051372269790389695806886445 38750681155198863654423716569056142672 203557631930978181035467048946902142883 231166512711259117298673403487914953168 30446152723884487427014048668234112180
260682768061986507096409550572186730752	0.0#238392778971026717964897698637922720554 253200874106522511233675168697625433312 112189268181705087881550543725066487294 195174878492283053344925904673186269643 186750769207637664778408654978800780148
26216718327562121767948086157192852315	0.0#
262433558085549260265002796329378027151	0.0#
263942243258690050823094294762517161188	7.4242495E-19#
266281110113774288602344934369360794990	0.0#
266908862609995827029335796979146657701	0.0#164993046176927889618806466782368084451 1814856071422752731734608766203086336 4732385475960664884021423149856678842 53753776252699984753163371467592013140 130853914291774001901581570170379591855
267262149208005869586197497625392867339	0.0#
26742283628533398445097367044105314341	2.4533649E-5#
267495509992401662190571661244216248533	0.0#89609824741239822744880665495766817472 154701293236258758641933469372955735252 301963573155520767775226779585887193934 241126851708186466855957496825566825582 211755656033325517438002289334198413221
26751685610578450614736955939223632656	2.61134E-25#145426432921133749317922477714102706808 207394461238995187817257297503932401215 109281711534141744224685876605670961492 313329352324524212864809572673616148684 1111045540444303396409349607180772562
268059704352664874458168402216078643911	1.3743895E-26#92529771988193170554201431412979270645 177158255316932828847567181900627972177 195832701359192881383358236460187938362 113549645950665628008277107245374917408 121120469509537280483082175265358922427
271500763985803253075645216616848875245	4.7624594E-4#
283128756498740560589859924136107541886	1.3353961E-6#67732414685453698948206925442073393351 297988563279953499739045932433190426933 133115618397863597710420164676453872319 162872578049868174014268833537947034562 268965172181070736928728105643187994746
284510239251910046427593057486449185085	0.014754469#145426432921133749317922477714102706808 299980293292778188219924870943111277692 169800050351454197940329453098389673689 299644241297891269296104552626346255212 294418289840301973322672169300394924184
287528639354819936239758591096445558638	2.748779E-26#
293426024629408995337009034756753103587	0.0#
29506313874612885082987919678829609222	0.0#
297420963136676943195245146368000646841	0.0#83378741702044348075633444191258588116 269011742891273932588164655856253091447 267455473623903804867807839983631468333 61518228462803140783461494507846498585 296287786238197317133300273858854792
298904983363966861565707535675512979251	0.0#
303471790427072266033809710604492276764	2.7856325E-7#
304479433570707725189490986150760328430	0.0021305336#195832701359192881383358236460187938362 113549645950665628008277107245374917408 206698051375835978397445864998332858880 204924805455167904510083928270251329153 98503226685578212159509843070005642565
311841315898332644815785775785783420362	9.7090815E-5#130949811783170359378884800058564656228 239248581265227250385202765174531432725 102192639850571114453551533463128312141 267455473623903804867807839983631468333 309132039060620560460703183402856355184
317322452162442035993836611926286994940	0.0#
317819456310457891525370051805120752091	0.0#
325551465476478745217120496075343635257	0.0#
325721180742450299433481639570458206715	0.0#
326003889713588685141878035699583733509	6.3050105E-21#304479433570707725189490986150760328430 64032941963750223601505696787123138445 156898035471859568946889328080176715580 214917686594559236497547622533457258166 32838168667501553588530521917774209283
326881041311274087926308430764452211261	5.334963E-7#
331652327833785348676066748797862686293	0.002004092#
331791460663330654823644327670885360736	0.0#
333508036736486930532944071366487268796	0.0#52508149669061510817327887049831564219 263942243258690050823094294762517161188 83378741702044348075633444191258588116 66768204399459328209830463236985352990 8720270943878532581999562809834403873
337143515503394694343516293631695233533	0.018750232#
338596685268861018175176417152734626341	0.0#
35386139449780388628201043300986906178	1.9754377E-6#39345272193205933963875441086906863379 160528714542353058554423124753882573212 55984931786486845790062718926455508193 41465870706060606689699857814850788091 135478211490134918804119305675712134466
37233317212491938378092167824196308415	0.0012881974#
37950519499357910353798098888278881787	1.3743895E-26#313329352324524212864809572673616148684 207394461238995187817257297503932401215 197238192089316451235935259157698408313 88960064016464075073204811650534633697 134553584869965343718225236107593833324
38975171992375870261549867805134841698	0.0#46707388966133553612822224621149802453 93525152415939005147939695178168004149 169800050351454197940329453098389673689 295644821699717243647548537138873875882 319852845746414394372959735355910262293
41096784931458508541826559406080450925	5.22861E-7#108771242931156240061697931809834171942 14667587740516108455772245949347144161 321284177039199173819309543304779365402 283465587959366391254510871667493916314 273946542828741584392295048581115979564
41465870706060606689699857814850788091	0.0014607417#119337412437940133144881923208049882442 245102152482178792697353407035423841442 97008356640547621048472268562410523068 82247681098100387520514905650468531021 226180426452621234925977995503475054412
41734731319293035665202985872916672431	1.0808626E-20#
42111341419716631000430378291212668881	0.0#17993643191360235770558527116788816959 267262149208005869586197497625392867339 166335878613879962739443442356612593396 152448384180073577544212076174298541418 216029825206838768544137548589539246360
42251458076127011896198057494079202956	1.2497103E-18#267455473623903804867807839983631468333 337143515503394694343516293631695233533 118101895349641699059424577213429127123 83378741702044348075633444191258588116 119337412437940133144881923208049882442
46453168293124023263534060175442306570	9.8651284E-8#30446152723884487427014048668234112180 157265622456866863021756506206858758746 335958199282017917540862336458539028159 155934175801471782083445903850285816983 241796139462221771329041646868695215641
47221850307928936990965387708256487278	2.6162525E-5#
485579059884099510821974804135028044	5.5891246E-18#
48892117250805672711781478645323542427	2.748779E-26#131802765080162628666440881374317948788 259479793941959149960309933682866059975 1712967822958713490055716528324178036 147157785195025897913289327507587874877 64032941963750223601505696787123138445
53601822895735731016373197427241307859	0.0#267455473623903804867807839983631468333 118101895349641699059424577213429127123 281369044571928390262066600201322160945 193114741835148714857603500318795434468 102441775703546131985870445781259609353
57190969607746748001831974727262451895	0.0#
57784833027368190461068441636837775649	3.2643462E-7#
58653172603566117405849054061558305099	1.3743895E-26#
58709417590811405773583291739441715347	0.0#107405305764587868481762320816168160305 283135967434473553326014216616179183062 43818979484444404209785013612958785680 308183573719544322355754103234912136621 158177737747677064520155153709620867465
6396402286200770083959267377257714925	0.0#
64755001229583484458825139460636712182	0.0#
6787913316861345787390956387704381872	0.0#
72949154797847545727834336098516480298	0.0#
74061202584131696811542623598151708166	1.0404285E-6#
7656207312488016372076319126590443714	6.911427E-4#
78747290905307365779143351075131948198	0.0#
82643464579151037941364657762180176189	0.0#
8560955277094323405579237392850891505	9.81941E-4#267455473623903804867807839983631468333 309132039060620560460703183402856355184 281369044571928390262066600201322160945 206698051375835978397445864998332858880 74907954897708420817337607217001865709
86852378090240261058829058361175280548	0.0#64755001229583484458825139460636712182 122456283963538926182045481081906672131 140944886528556020613275173178438472596 295429788762988877631658208805032729954 110838606352139739555445183395293893813
8720270943878532581999562809834403873	0.0#118101895349641699059424577213429127123 42251458076127011896198057494079202956 153733724025981095598605976315084440704 66768204399459328209830463236985352990 150016628603125493188562099221056237789
87817237583237992041476920141374731670	0.0040245517#
88163164486921985280729726715651627202	0.0#
88218051943034088505079641017190331389	0.0#82223968693847358784641963476242618054 161957521141853376224829712340250455670 310406302257275667051687285259711870647 262433558085549260265002796329378027151 286078007548227115525269128075009897898
89609824741239822744880665495766817472	5.360119E-25#296048188314845633386918630501556130751 195357804972420586206904738662176230974 154701293236258758641933469372955735252 211755656033325517438002289334198413221 301963573155520767775226779585887193934
91106845604802291866583785012053620685	1.3743895E-26#
95389285824145113392551440829866916376	4.7624594E-4#
95449670015008658206313446657623078699	0.0#
96986947405959940051473053808920696988	1.3743895E-26#
