5.360119E-25	89609824741239822744880665495766817472
5.6349976E-25	225671992739282931529650585277338418550
1.0808626E-20	56337000073665622242053648669958322185
1.0808626E-20	41734731319293035665202985872916672431
1.8014367E-20	78838788025843977328969711515194894045
1.0744471E-18	264564129602397840750284801937741729792
1.1272574E-18	260410541390850934031731990734232632085
1.1272574E-18	196305114744412495753140177260276682511
1.1272574E-18	25132382260607552234160861635816922774
1.3920958E-17	69627176506351043505840776212847551175
1.0001042E-16	9878539237790787007700401910133635894
1.0001042E-16	143105911989371816828245434764311206713
4.0478595E-16	58606255529301943551487142007659882660
2.3888473E-13	259513360477682676917999059645431749933
4.8012132E-11	212377801703093335732312462814085848264
4.8012132E-11	17993643191360235770558527116788816959
2.1572218E-7	95560175400544789812252478181447683337
2.1572218E-7	314133972350469950886468529073745765513
3.4535108E-7	128853687204158271829786234220670353565
3.4535108E-7	103115239035821991159945041894945534055
4.1673448E-7	122456283963538926182045481081906672131
4.4557797E-7	333784319320528874084789414957865485981
5.472147E-7	25980680367076164905447266627833689054
7.393324E-7	172636860954494750595786446136674937250
7.637762E-7	165112824130588477791964759693104316397
1.6087239E-6	295644821699717243647548537138873875882
1.9061855E-6	40804025343002910344057506944880783194
1.9754377E-6	35386139449780388628201043300986906178
1.9865836E-6	100928325401373197787820986702918945471
2.3305363E-6	111592415086064977921210056825105941023
2.8451216E-6	189830925458022280300293042492324625047
2.9519895E-6	292095199935464449347796662055365909917
5.274355E-6	134510205270280390968778444643228859708
5.782526E-6	296215494038228126370351587672349120920
7.123817E-6	160528714542353058554423124753882573212
8.547005E-6	337757264672707671313215400636672011459
8.547005E-6	212741431627771757068347738849635367985
8.562821E-6	321547750334109321333181618720766632099
8.562821E-6	99017489027990616389103623119217536367
8.841999E-6	268706337336559760426165753987174407381
1.9881596E-5	336891660792701385445639420434677598578
2.0694357E-5	282296033283148466474424413949611595454
2.2999435E-5	102192639850571114453551533463128312141
3.0254329E-5	170796915791319302201461642790315544098
1.2270013E-4	308183573719544322355754103234912136621
1.7131881E-4	16148736816849031854286923962739011363
3.351219E-4	73439588521435125800966339236828075942
3.8173344E-4	29107470709479950854272678532764799346
4.8653982E-4	298271246873301082784834016749813825233
5.03497E-4	98503226685578212159509843070005642565
6.0140056E-4	30553706473220191100666634885719224043
6.0140056E-4	111257280451793193824374427597463279604
0.0023103452	267455473623903804867807839983631468333
0.0023255676	213388888274349038749820074481864560644
0.0029368435	138464469958462584178546176442966546936
0.0035661033	198968107965812983467725138874886500903
0.0037910177	299980293292778188219924870943111277692
0.0040245517	87817237583237992041476920141374731670
0.009743293	156898035471859568946889328080176715580
0.01729096	214917686594559236497547622533457258166
0.020454643	259479793941959149960309933682866059975
0.03977595	130234240159727504338733905210582270097
0.10040601	81083871557970115297473966106678560670
0.10280309	305487686777243035377306976209025801327
