5.497558E-26	259650568768850733725800972523005911444
5.497558E-26	336304488196729041882655360783810355989
5.497558E-26	174880768108554024212700661872967755100
5.497558E-26	25789775770288576375218033720716054080
5.497558E-26	188300487680262350319162230747565051293
5.497558E-26	219778066938364720249498415075674447813
5.497558E-26	161262726440654694474744832439312525647
5.497558E-26	197338090391823745088788968548502121029
5.497558E-26	312848959585944343729559851216279192765
5.497558E-26	93079911957777316211327954814410396830
5.497558E-26	206325758007981694555758733667694072155
5.497558E-26	129686513449706494504806906614854225349
5.497558E-26	327589922550915745862382136046516720075
5.497558E-26	293424981125188213428887667331313880139
5.497558E-26	123598423878310268013443718841679922367
5.497558E-26	150016628603125493188562099221056237789
5.497558E-26	266684133977745417775723391408289122416
5.085241E-25	35565269141050407662609217766805623804
5.085241E-25	211755656033325517438002289334198413221
5.085241E-25	166740132595393724599007866757249786604
5.085241E-25	198212111904620085060652865216111586382
5.085241E-25	296048188314845633386918630501556130751
5.2226802E-25	278353660944825532035857874062513991980
5.2226802E-25	207394461238995187817257297503932401215
5.2226802E-25	40602576640870684682044530307794491699
6.3050105E-21	326003889713588685141878035699583733509
9.007199E-21	179948723572977120273293013776345563945
9.66129E-19	83378741702044348075633444191258588116
1.1272575E-18	286196157092451033297943563047691267249
1.2497103E-18	42251458076127011896198057494079202956
1.9066881E-18	295181469094633675005210868363233909843
1.9066881E-18	87135405281944426295121704696341887447
1.9066881E-18	202216933840780194364528922745953751453
1.9066881E-18	112896784895756915039494822109885144847
1.9066881E-18	212558351644410563712335285352182276046
3.5179283E-17	271843036471429063361520119848131312695
3.5179283E-17	193623511243159293844907697922976244823
1.0156605E-16	244595012171685154125505490489576027779
2.604812E-16	43184436051699040695500443763072612961
1.0915292E-13	159786960369200446502924129953649096332
3.2498043E-8	6769478246725760298479752376121667673
3.2498043E-8	311500924535109704270289873754098636628
2.1095516E-7	106754645713708449401237439773796284169
2.4749573E-7	197450405395652363487483049450621087809
3.4397493E-7	15762823868486490736040136153350524528
3.4397493E-7	289524850305361165946991052586600049312
4.4994755E-7	159773151818607448252292947045892447117
5.04348E-7	239340692183070239752581305210446890376
7.83888E-7	251476470348624635163227820239884678079
8.880394E-7	32838168667501553588530521917774209283
9.448254E-7	60646843546206948765161807347657913676
1.0404285E-6	74061202584131696811542623598151708166
1.0404285E-6	181489149820087729600862047626072972613
1.2011237E-6	150777265340840569071614500800251618944
1.43999E-6	94032145746382817202692924040209484824
1.713167E-6	160643520295805188068316913566618425244
2.154497E-6	260157390244540821922614698284417211926
2.4417973E-6	212022431141930958058908575831840928216
2.4421201E-6	23823865509461031111139649601087767999
4.4267426E-6	206657420787526184357559109338189005491
7.813616E-6	327895936531498448736003626767846136692
1.0629621E-5	183090195617420403694763448685197820542
1.2927278E-5	266884449737532338418575298340737740601
2.2364464E-5	230615147501782978403022783317768687250
2.2364464E-5	197269056261311098116831415082120352569
2.2364464E-5	276236110462159920079384702804294870712
2.4492318E-5	337893577159762039868646251023859051151
2.4492318E-5	239387021765039577828302650091323683277
2.4492318E-5	40956991461260481537841123842116064637
2.6038295E-5	148106114238616002285032710987245968905
2.6529695E-5	295506661755970061692270184006782445983
6.626686E-5	285251749780718848044486666203007691216
8.9147055E-5	328553535867070724830587745742314780321
8.9147055E-5	66128854632206510043570389209720048854
9.178321E-5	31387829440877120784936410464706540566
9.4849005E-5	209424659118912479046205327913078290397
1.0101574E-4	151583073912349509242693680304935036336
1.1905706E-4	94378894197004737386536383691925264742
1.2519042E-4	158177737747677064520155153709620867465
9.5262565E-4	109275166593816131574062572700323251816
0.0011440339	313329352324524212864809572673616148684
0.0014607417	41465870706060606689699857814850788091
0.0019333507	299230709489733563621449960978591817843
0.005513779	38173952931891937178632801070243038241
0.0064924173	195832701359192881383358236460187938362
0.007094736	178400067990794464085255600198089800280
0.009748798	192154715105221442751576474634797839778
0.01604975	40724268349673808439916910640183077972
0.018750232	84005414524920930604979186870483785610
0.018750232	284081646920620618990338584531071661096
0.018750232	337143515503394694343516293631695233533
0.058012143	101253177778106934462768525779128978970
0.06518854	153813971446222387699867657348902854798
