1.030792E-24	159318836886529917886400383481793588738
1.030792E-24	221495767262285249569356573145179320209
1.030792E-24	237163395299574772932379580233955753627
1.030792E-24	53068019459250501764663325223340551801
1.030792E-24	259006862314254014323731641612838140317
1.030792E-24	153778829194777761206510298450099964007
1.08086245E-20	237916712130660006178130603763077285772
1.08086245E-20	14695359648113430433318451463415772926
3.690285E-19	314610151037502942400190436120115910660
1.3351577E-18	260709081451566076276718184999561955673
2.5084783E-17	129946109599872752306864783036668684478
6.150852E-17	105248062178156093335709732175187660031
1.4919751E-11	255570163263014291056603670066843438939
2.6060562E-11	82181131717090620735478494296819771934
2.7767599E-11	212657577598352705256702906397032600195
3.9401166E-11	306015000510617227356822430709508608658
1.6360768E-7	236954937805604448755852853693307437352
2.0501982E-7	186673077816152102947226083697274803893
3.9199162E-7	219662989410742381907274870371893701234
3.9199162E-7	319852845746414394372959735355910262293
6.4412296E-7	122300157104530735730059483921077382718
7.6979524E-7	200266091901307780933716305179392873328
8.319001E-7	219476629647390264792792064692327178772
8.319001E-7	4618248024852663188326731085254352330
1.8739244E-6	77281573284288730173068496984053185599
1.9464176E-6	14667587740516108455772245949347144161
2.945302E-6	206829588703874224270276878384272084366
2.997682E-6	29936718762817603373648510737084599746
3.4137531E-6	133115618397863597710420164676453872319
1.3820208E-5	199226294625480739268489295193256300834
1.3820208E-5	297888678748967276840577303909412369383
1.3820208E-5	318131986219228336750687904972012068607
2.1036614E-5	18982631704975989674089838829900151425
2.4373532E-5	130949811783170359378884800058564656228
3.0525695E-4	328550557086043821359790190110089677443
3.0525695E-4	8231205423489978787156460413895389596
3.3327492E-4	163985522774334523207185258884201286875
3.5132686E-4	8516442787078501125880386419639628719
5.486294E-4	257261464452074213578381955964079192358
6.911427E-4	7656207312488016372076319126590443714
9.2039705E-4	281369044571928390262066600201322160945
0.0019120068	68776687549495554256017727745779500687
0.0035245845	206698051375835978397445864998332858880
0.003920485	299644241297891269296104552626346255212
0.004794596	97008356640547621048472268562410523068
0.0061544995	245102152482178792697353407035423841442
0.0061927163	137243189830618968906999516584231304228
0.006668962	129783864595772763185422593755397850589
0.012468257	119337412437940133144881923208049882442
0.015552686	14422838876333252177147022771297875842
0.05598185	335958199282017917540862336458539028159
