0.0	98785897548267790366131002195149072013
0.0	250645326908897360198543496570936576494
0.0	255868006848384875316744153059252650813
0.0	257241199191765762632860411870120657222
0.0	262347468142395928794201350067329995445
0.0	266227230907055101259698142598490646910
0.0	270621993393938770588250591812468439553
0.0	283135967434473553326014216616179183062
0.0	283627745954457737237310947425514387928
0.0	298581435612546614900215212111219865104
0.0	310333554929793515398206690132226740769
0.0	311147285433798183409351376420083515586
0.0	319209338024682405239818411632331966699
0.0	32642398602684022200455961197872455369
0.0	327270807502581547542119541089927057366
0.0	327658565377581386054786832653365318830
0.0	244982839912724636466904545648598283851
0.0	32992005369414821559907704237129146938
0.0	338709938303293115883492975135761152484
0.0	339792013486778754324445900759729938408
0.0	36258203032401108937227082220143123807
0.0	55592714903392167844763837449122704099
0.0	59259565895091773748363920240649884032
0.0	60824000784321562747715800116027112296
0.0	6947485677560689449244294721865832204
0.0	75158254874234263555064933169689530464
0.0	77139134613011749151349238646035009737
0.0	89428626876922391736643081412940471355
0.0	90438258817596782322581525409170300697
0.0	96612046478955483042238678574516664088
0.0	98522594040455149612755710228055564039
0.0	10148940753830201764960578107311941703
0.0	10319122896132708034400160757564564854
0.0	106526060101409293450144212544228203120
0.0	108495051966970710514400218673307141310
0.0	118087402105971864972699271544808238601
0.0	119136359351213455852503534996105991895
0.0	119860986208038731102748335426617432263
0.0	127515294128987022479632720667476972996
0.0	134802975091864007588066896771215835169
0.0	142945018854862547259726806406413038880
0.0	1444138294192300134544450487349459744
0.0	145644986220141632467943583218552902860
0.0	150900386516434186709948620286410886412
0.0	154030520764165603907057543419599722034
0.0	157158589418071413026330436236681810115
0.0	159901073802886480504595805045094452493
0.0	159948468659453510858022854636218342293
0.0	161957521141853376224829712340250455670
0.0	163655490317320682257759171686127406813
0.0	166077569960064307105593434998313510275
0.0	172174695529105130245108891318008918621
0.0	176164842728044982424827514617812082857
0.0	17787331430705963456771332543578522268
0.0	183511116931295830350822459903350270333
0.0	191087094239383017694090386990357783918
0.0	194221702577723228169667863237428460901
0.0	194342360729127002842875026036166398672
0.0	198261380178109302790691880110179555466
0.0	198617217593367520825692431643465351107
0.0	20012723972554106241183693623157089672
0.0	201316764839397082431198219047893323577
0.0	201932149300225624726335426860413194891
0.0	204092088061817950957766322477580604870
0.0	204755874632218531501433515526661452479
0.0	210172866387858730944801283247219232981
0.0	214090421077495664150564169705902071417
0.0	214264878014727548710125474865328710893
0.0	214481637958673464621156972279884064422
0.0	215842539402686182024400256584964813433
0.0	219791901416970225609413866660192639205
0.0	227696664109935194883704089467381723244
0.0	229626265669720143793931884237957062468
0.0	253057329441136987191080705403783535614
0.0	254259485528782111138204765705594308357
0.0	267742648627710076510004923813439383474
0.0	269765414062428301036077920263070222944
0.0	27422856858892606234634762179519208589
0.0	278243963157794921737456091558438910551
0.0	288470501761049516142903474699687622246
0.0	290417218933488688805250533228068412493
0.0	29284218884128823254201676032999555661
0.0	295015721900845991650258855283469715238
0.0	297374785399763103585091698464920065308
0.0	314131422936936846198641726501316091891
0.0	169992081262682479435189361153937529653
0.0	195174878492283053344925904673186269643
0.0	109141332336092307161705017715396353608
0.0	109909020470000192526071078037307496577
0.0	110485858044187440696516684096107864553
0.0	110824165306553589989314991731425226875
0.0	193873907754628593631742700734149529601
0.0	187068146281966215873504481283065213992
0.0	114768128320870881814595091522075367065
0.0	119669911364591216492011284267338792948
0.0	126294456530018525530300841927680886689
0.0	126662092726752021772659403282346216259
0.0	129235486445146975540282986602697278056
0.0	129777260012858831031299625343093094301
0.0	132722440075349855947161238635114232802
0.0	176420697976597003711046894871316970452
0.0	143457953289753431099337413106690233823
0.0	17514016906112702813889816256090300212
0.0	17307312050995821276613337368966281296
0.0	148365421813762661271226678996635303723
0.0	149489171834534261481539058031116386391
0.0	173019852984967939850839532180390856954
0.0	10360218150800413508994809208947377658
0.0	157866138029516173464507429858722969607
0.0	170959022529607073271713154399883861195
0.0	160593922349274245578243274232924668130
0.0	170751388721626141385158228573206046611
0.0	167514103735378783868836466534947995581
0.0	243596094153038363784576239416496261405
0.0	107581699214708806285044592095389280824
0.0	114438936468572140875076799587408758856
0.0	115279763747073760719773653541279654125
0.0	117101687181509123435095894485526738213
0.0	119859048756043327112473400716209196714
0.0	130232027840939362914346083514596120969
0.0	133779514190188167452068738079734110373
0.0	141387931361967500251266743329618182087
0.0	146998321464631609528120700977134191761
0.0	149518144383781920424238228895852360703
0.0	157518213213353771603379362877567645961
0.0	166262476531136025515690769142901349804
0.0	166806543696108545769080538278951931393
0.0	10168874450139130245265191986482299501
0.0	186750769207637664778408654978800780148
0.0	188275037395885823947420702423042825057
0.0	196281015801163187205237833667115067180
0.0	200123785415024271193581191514762534088
0.0	204006505785564229986162865654651485266
0.0	20492032309917981497626955431009942904
0.0	205237317876491136299493449330695406919
0.0	212696026751741785425356065853573036460
0.0	21491543413274066320342725955844861463
0.0	220854412085986767416841241479255679790
0.0	231347557842475722881803463553882298073
0.0	234214733761946091005534434133737084289
0.0	196746113626144818628819672717030756729
0.0	2432423913128098754851639629683025937
0.0	237318437380639964249114217036744315487
0.0	114027039165745117219809882105523291978
0.0	223868386788710533857184379132413354979
0.0	218270384072050976732837734318678136094
0.0	120374785976769317728673094568832818651
0.0	21766214071860098894365153343929717398
0.0	127220146813148505841960298360920479497
0.0	130410386393558279470811367857721725056
0.0	134249111643366593328055680337277878559
0.0	211573749646732793391680446947578981451
0.0	210004598137034872524751071532161332540
0.0	143046382235429030278676960552526022981
0.0	143199052716447710750888642268092007606
0.0	146585083062609027889052947557225704606
0.0	207150234092712881425339793729393516193
0.0	148003262758187478705086881047504580187
0.0	151100567822895373196225245219257351049
0.0	202468649311692074995337155429578545614
0.0	202277704670717470760993902096654882523
0.0	175011015726197014924020331212191153033
0.0	175737985478403595550748966711098246132
0.0	178568440016694569129742307894760651652
0.0	188941139326802134304804514791175301038
0.0	19928862026350886030390414806709296656
0.0	199222145128905337081324124710359956770
0.0	19529547473290358435760821547232186857
0.0	74537200831604516258996214951314831652
0.0	84916606208507247657313377395963604435
0.0	85060344649477543257440976522770329725
0.0	85188517941400026780805283408483242506
0.0	97128832758432281281494410956563295636
0.0	9743913949319617372949665705334403665
0.0	85344610098904752098395215454765675909
0.0	89862040641499739583098962734790280412
0.0	91840418905593167808340300138776939326
0.0	98795047368485948706539790961786723856
0.0	86609929767088445210345888569314582591
0.0	89912361445264126825522874842200554609
0.0	92150020811575476568929000405816438512
0.0	97718519414387778574298164502542179404
0.0	316896317586410461877637105447559558612
0.0	317141298500031437123557978069661807854
0.0	320928009146792272634356661845051987505
0.0	328472046095789942244589353117781695759
0.0	35324943753210272510974086341092699841
0.0	37243378273862564826444739492399847880
0.0	3818195524442394176232587995233729398
0.0	40363530771271479597272379067355322250
0.0	47155284514396866639288726867554676395
0.0	50220396186149184612316852761519062318
0.0	53384614025227454418499022852008776966
0.0	54875871697186122711514728823750024574
0.0	60790608881825937255170583060998014729
0.0	75630582873166975397758674224909803524
0.0	85050380621127643977282005469308921665
0.0	87006967855935808197794019636675547242
0.0	95361500082757820779347296113136060629
0.0	216029825206838768544137548589539246360
0.0	223707865283227841832709180248830315946
0.0	228738186602331412584439616654046710846
0.0	236405856484225393679312665883828877975
0.0	23886236085692092749829892603566019023
0.0	241126851708186466855957496825566825582
0.0	241171590331347457290500487629829338248
0.0	243756249860058960636387740477554511469
0.0	244082670584127855549042364059982612834
0.0	246349167755749416649994464404566136309
0.0	254241599455436528296375474470014416791
0.0	265635519379541681805753582541437256228
0.0	26665015424899994318970184090407201661
0.0	26672064337189823004402385064073377549
0.0	268336307813961175233864960870029864598
0.0	274924694804589830339031007244470451379
0.0	274999494380077046387825000544895641919
0.0	276140435804531128830792922756530949329
0.0	277206567536637972698601573400096099691
0.0	281157744990407251793798920366326803674
0.0	28345136364933850089566668395365331807
0.0	284723924846833326106484327671166677646
0.0	28552131942376555190491577252400916735
0.0	29690808837293560423406407084960405076
0.0	305890300841971300595298269266553793479
0.0	307396199602614800045754147516291060443
0.0	307447933574373724191977602271827377101
0.0	311119225811661495696029374682681132922
0.0	193114741835148714857603500318795434468
0.0	104215179132394786930842126650948483120
0.0	25142062070627633972110115570682023714
0.0	109181378682023258756778695803255416804
0.0	112296511160766470112242232824934644059
0.0	113054866165111327940636474092956819997
0.0	115320490188160438456734251302650630738
0.0	247474530130024336606000171869914924708
0.0	120618415008319522683928976141490770258
0.0	122375452220311692552445128508150038416
0.0	123901275374859078470938448335451979891
0.0	131489161104405383215232049392489555680
0.0	136731532154395050781837511267275758704
0.0	140564574487429310261815530780405305263
0.0	245319562461463944961253238241412625303
0.0	144066519922434094599994408074905142206
0.0	148126868816761418158364424559019143329
0.0	150750614083292463779514312469170503147
0.0	151918721892297512606067247915566022116
0.0	152448384180073577544212076174298541418
0.0	23628581743483740085091836725288647662
0.0	153852765250835886630117735558367161084
0.0	235766636254681444131629007561522031293
0.0	229379975052186673345343021571432625722
0.0	226459793527890108376230248114443136359
0.0	223162452926442822663802375729223826210
0.0	163611691569092368127821630741061698327
0.0	221531563851456040601276077165529529089
0.0	216447409280972698690390348918908338946
0.0	20808301291665560501501450248954657805
0.0	206722534884283739190209957381842787643
0.0	180607298426806311049953893623420590300
0.0	181085377950487257231982077442668193375
0.0	1814856071422752731734608766203086336
0.0	206159037501395962844109751697223113200
0.0	203278629162866036151063589013690069812
0.0	185081002190082772328465718460759054214
0.0	187761483688044272014038918173073982109
0.0	197053847843175297220815286829356545779
0.0	40711791996792178543005192728170043348
0.0	44108184101026407154493490072284596209
0.0	46366963470936047536085217718285807145
0.0	46594602350023807652904750631933548170
0.0	49656604089735317723048369504923390318
0.0	50601416135921929721729247597828697747
0.0	5172085835453035087010520322866036757
0.0	52094553991153909078738775970064972508
0.0	53749052749580489125791791896076309708
0.0	637114970816755370956392831531675520
0.0	67827529511450230155313185639066918797
0.0	71378364055159061822257361264198199420
0.0	72152300462231256466344770950229615689
0.0	74230630673198989928631962194593416584
0.0	77183419648961089391396971817159252997
0.0	791748818720304333167735462272434643
0.0	81526703935917914881923287590258869198
0.0	822132631194488640169590168484214486
0.0	82223968693847358784641963476242618054
0.0	84045234160908319109202860606482089284
0.0	88178239592512497735807918836702160344
0.0	95323639657981432560437169790055635745
0.0	99448437978859023238923608075184129481
0.0	66393048855442924921264449607138453122
0.0	9815248961956525915755382379573177248
0.0	91270410108653944248995452721638857071
0.0	39938239410437497581543003619305955837
0.0	85709961121092795185072456347237043867
0.0	47336162581662727539812501448731993432
0.0	48160741792489412484669297476700736980
0.0	58496930159187676550020406168482011172
0.0	58704798419903351067089812454093194677
0.0	59725579575789508676997268933236320333
0.0	65658299683644780672209127506309057929
0.0	252887159163114061562639706764604343072
0.0	107303701714012296682343294018594367295
0.0	107405305764587868481762320816168160305
0.0	108938396897952522178332347212369617371
0.0	124453621586236115843189070294401446568
0.0	124569911244669451372778380142550295373
0.0	129465001822904914444911400539797308830
0.0	131326813065854228338944775823069527572
0.0	133306375882085788362465403198761348032
0.0	139546157662912369756492588450718544603
0.0	140635859426134470530810084145295393390
0.0	148350438257584682556536080298022366449
0.0	152658533362558179034507208923483885827
0.0	153874502847614480674622359575870819388
0.0	164993046176927889618806466782368084451
0.0	174412081834089588877235820108375026582
0.0	101766139619598510538550816881042056377
0.0	191417912699687788182849076069432579799
0.0	193903964956398672802909481975554434794
0.0	194464157006511863363044019466219045246
0.0	195956636950155633008134369128195894622
0.0	197938583273645592481157298863581831532
0.0	204577971818691618262285304273183952989
0.0	224655408241855476899865338937419003724
0.0	225966502623566620587889748573646446323
0.0	230211704609983736955191045959821664132
0.0	231114909416322603258982276594347369208
0.0	242683843119238174182830930207374091100
0.0	243420511158786994089677524037396089815
0.0	267389070709316539876483148092780482513
0.0	54358855788856873116341920591844241508
0.0	49991430073010241531874225131740977398
0.0	42084049481446748089027900829543966104
0.0	218156893064892681794690770622997758316
0.0	39294941347027714081219901649027163248
0.0	35208634949188489750434082835364961392
0.0	330256653198365024759467127108762582553
0.0	327853192196880886425303038282716087990
0.0	325088826778269132188568239921057678935
0.0	226479845950720145357543489418772182544
0.0	229357718290038136302911920120915324256
0.0	229525102923836734676467040410178731026
0.0	323015856038118564434694717923312395727
0.0	320805267814770424396381678363200531906
0.0	232605736845560495327919230607463584523
0.0	309945767487699682317963560392468569703
0.0	234112058255146583425442018185023682629
0.0	238706853608781605526589384373765583135
0.0	308081254073477117623092382089644411014
0.0	306902181378633604445661881528048337626
0.0	243084297874786042121419107406689939600
0.0	247370863526137144974393095235578406526
0.0	29941166707243568484996754957477176002
0.0	247677326709162141026859265632340080058
0.0	295905484407600379502685065284868389444
0.0	292962779791859245143905725771430827470
0.0	278368464446556017820529421644989287601
0.0	82643464579151037941364657762180176189
0.0	95449670015008658206313446657623078699
0.0	88218051943034088505079641017190331389
0.0	53601822895735731016373197427241307859
0.0	57190969607746748001831974727262451895
0.0	88163164486921985280729726715651627202
0.0	8720270943878532581999562809834403873
0.0	58709417590811405773583291739441715347
0.0	6396402286200770083959267377257714925
0.0	64755001229583484458825139460636712182
0.0	6787913316861345787390956387704381872
0.0	72949154797847545727834336098516480298
0.0	86852378090240261058829058361175280548
0.0	78747290905307365779143351075131948198
0.0	65740729395418654946570748770581359993
0.0	323649467042195149539977413834974049536
0.0	32448433267272230388219912151162059796
0.0	330165572100189416033537075912221664757
0.0	330595978235795171296514334369638548173
0.0	339423446693748448064500732208259357525
0.0	97452111040691025819770706416253463795
0.0	35412799061522956987939883840049564364
0.0	38714125718871173819171444214823818289
0.0	91486105076161328598833599043657784354
0.0	43059655406293288390054435720769996275
0.0	44903403349722751247156871680392378975
0.0	87183177711946589877250321566899100053
0.0	49905114512301314440106996114460688261
0.0	83902280585435620856404190706128330440
0.0	77552325501999602784316716491017750531
0.0	53753776252699984753163371467592013140
0.0	321966172402917157446820478741520083793
0.0	57208211951576927473865748811801805291
0.0	59407889928129398161494324153827042798
0.0	5961635147850382740037678638588021812
0.0	61181589428625099233979634315702068746
0.0	145148593682751227659459078313499688217
0.0	217366736628542858224177716245632703549
0.0	211518854429749589652065238867876544211
0.0	199777918445774220244523304012388334855
0.0	106438889245068159798706282863525396151
0.0	190575554758618750466525139715750781981
0.0	11117731057699028401701790895797708317
0.0	190117254533628700269628246443004775854
0.0	112189268181705087881550543725066487294
0.0	112435960761998944894505178654856575251
0.0	182660069952348922946309971448884911236
0.0	115778192795129944388509032123176215803
0.0	174981110814447859697392188707683906043
0.0	126978704081246472668485988815255725145
0.0	174431685317370260878109516571571787863
0.0	12825912909627263437587998089377067966
0.0	166609368646940565447588468818183303012
0.0	131288940559828542111550746248527082622
0.0	166335878613879962739443442356612593396
0.0	165054259022734528873375883945620324896
0.0	163786944297909928701498366205793257058
0.0	159703604837589910136209676890517091612
0.0	144147613721886967622781496188328993429
0.0	100386958497902375517599994145062824662
0.0	311628007407088020479093448693625464059
0.0	258663083896289964667494567018462133370
0.0	7024009110684364163508848818060490808
0.0	59269441443004723340504683642983052043
0.0	58641614699391282827211482706296963111
0.0	264610719605252106840731745539394510999
0.0	54264843816182171564219739148158043285
0.0	267242688146802141355805713938286812549
0.0	52756251097512406143265226132316392015
0.0	47215988329247811786780476270648420809
0.0	273950174879484556956706547965836341095
0.0	275743095375907876898572249435904575239
0.0	46707388966133553612822224621149802453
0.0	278775465806960981864459414938256842350
0.0	2805469862786376798065562428221719193
0.0	38105735415667864880313117056631769996
0.0	281054109895656823819102530025139200494
0.0	283711981536717174787163453570507204360
0.0	33709755248290395139972338376884020080
0.0	328461805954871948132853721150718876113
0.0	286830164119790435410455891794296964404
0.0	326778678863558985598569613644513680776
0.0	324306232354516217219814292716611951204
0.0	322450448074712120580424515309792117737
0.0	337443428240539093088586890004273934783
0.0	257040289349574078614664298836050574748
0.0	82020888655203869802480341185936050668
0.0	259528517362938342045872795085069186841
0.0	7023416194762632377412720234296308147
0.0	66854553616859800609469385207117293918
0.0	265760786959688788999667694080658128610
0.0	266414622095276697463594124741589816411
0.0	6665349767382913334915365978787479225
0.0	53962753219086932951668688155322451882
0.0	52947893213404520445459661525667852872
0.0	276490320366814535122073203737638877168
0.0	4732385475960664884021423149856678842
0.0	285441384815246555485255131534818600538
0.0	286238926100688982867957511056213321544
0.0	38973757367469360455444307207678178949
0.0	294318067066706160849533956153895702452
0.0	296217321724042619264704437727452428531
0.0	38442884699705425689979801672735724937
0.0	303695015033373195124561810594562310659
0.0	304538523614684763645326983390100554123
0.0	37851229689734086559420499914544854400
0.0	338440553393794166009440386735515237084
0.0	314756419983350300851209650999000205204
0.0	325492271056143557982240110508293976404
0.0	326498156094179407313719634162604517315
0.0	178965268875543291100485029186345307072
0.0	20883352661684924308969961469148287815
0.0	112178163301766709086325512151779940030
0.0	11357127808419573681123474225106741911
0.0	198708747104728413084582066597380211621
0.0	196035435644346382239891048027353409949
0.0	117636007245958483494359446250240797240
0.0	117786106148384321142707661928822051492
0.0	191342786868447993485407076987151600451
0.0	121645806325404267116805529213595631649
0.0	123980185792937310787111147071802491877
0.0	12439840198971695082178279349578814899
0.0	125271549674441691885239886712381937973
0.0	125611359703919512193427533082140377310
0.0	130853914291774001901581570170379591855
0.0	132245443673002607596631102428821378842
0.0	134435744855646355952850680405797401519
0.0	134567993833297934526922859992729401427
0.0	137185823779107760775233234702220657208
0.0	139654265464202927725143336722979172695
0.0	104831936177419303035274773126481123856
0.0	155604971019897167220341295096527031862
0.0	172014891289754929411067114408017222921
0.0	182090975327830114446517525879885385720
0.0	74299033686135660894776345475118287600
0.0	253686297689398820033190586991769779846
0.0	254891424547045167525363973570429120102
0.0	258224875666735792201442174375650886164
0.0	259571959221337745035781592770057057389
0.0	26219074834761412185585892083954272730
0.0	26384545356406256499508183619357005445
0.0	271917590365072745454285668706429260729
0.0	278631938412723910764640699267337111796
0.0	27958883875738568049331166124201159342
0.0	288349078820023014471419523089413633198
0.0	294404155133923882671743299871817225963
0.0	294588294736333933013114664926385701796
0.0	297419361225136218491905848745160582013
0.0	306093466029202799151750035883646249756
0.0	310362873144015747410130226860489527992
0.0	253200874106522511233675168697625433312
0.0	312812134850621030075163406608752803328
0.0	313194739491190771437506098396173936338
0.0	315148726705214904810666771254462955294
0.0	329412344354707289468041222135415491496
0.0	333314932586295354289520394842689795022
0.0	335753486104363546355258936060134145408
0.0	336994395679436394575317174469133363141
0.0	35131958884688420607747727386192861682
0.0	35930894550537761840481669226726034231
0.0	38610367574135849704079598134278430870
0.0	42188643470775289265098562464962849675
0.0	43385684026804673266102801161996669956
0.0	53333315599016815788003271131651748538
0.0	58421091485633086342555266986502467635
0.0	71141235910588949557769314802041866003
0.0	74017891810632116276623318894462897563
0.0	228635509284719887173873089177598914962
0.0	230711843959095204157983386500061178310
0.0	235446912309773666998832761928999650081
0.0	252622262946975471510573005203958990950
0.0	256235885161986504998003703891641543475
0.0	258176606573961576371931050277215730216
0.0	264310163331547111970682611246784385283
0.0	264891306289849237029064319718741017278
0.0	269404623608824028758974084653421300396
0.0	273095251799834380228025686129635887946
0.0	274002958698288420561643668581178831445
0.0	280148718988528594659563223735297252161
0.0	283496620692447214380442906790376749353
0.0	286273464132351841690662945683067122880
0.0	288579276869396884490477187318172459648
0.0	288829357811220692223588782926852869122
0.0	295245102562518401462017412798657785140
0.0	305055887780472398162373190880051357862
0.0	318140890803294366772501394666617926433
0.0	320579673141759171051541730579131240563
0.0	321685799059675915289286190778872363335
0.0	325173276409179636486644578323130654699
0.0	329514159642796413289469468562482958338
0.0	33440143659931607907821278315962500418
0.0	338011188256967499822890769027519106679
0.0	35415311967987007547493582356713072425
0.0	36325170373664883712833614023391433446
0.0	36663043839171834391743248567475720807
0.0	36799327235429976975099865563035675993
0.0	37595325507378965165773130005884255841
0.0	56978612362764996795497546467260441629
0.0	61639578105455915893271811994577347077
0.0	6250271097685213739868658163839865848
0.0	69591521679596460485047352862048217618
0.0	71863582641928603140922028639792130444
0.0	75860169560391782780198088302228530132
0.0	76118667316616906278743479218397731780
0.0	76812929003317407674365153419168467437
0.0	78143502450750798355264497306501612269
0.0	79211482727953820206009516829118715878
0.0	88797801229629311984037301552274232601
0.0	90130873740079254558464338890593015062
0.0	91597894598756424142105331497996451481
0.0	97155076822236404622966688446467859017
0.0	98005006653763919463872116035534731148
0.0	199582685523712194721646283937875604578
0.0	201657894674200982764694961532686765663
0.0	334543463422606297468637123290987453087
0.0	326733570214136746005183239776497709794
0.0	209967875058244691571297644453422457433
0.0	211864568681657331269997910811628335746
0.0	312520431329179805996431257374952591821
0.0	310509249514774452558014448740297346318
0.0	310406302257275667051687285259711870647
0.0	216015214917705385259027243809908109213
0.0	300600286665505022108798120655229035763
0.0	297434906996176143366634849758284824817
0.0	291492062856758829199054731868218128489
0.0	288481306974136849067156556238951379992
0.0	286078007548227115525269128075009897898
0.0	221821251048536301556958076235494018473
0.0	284274280002703596996511494098409712620
0.0	227562959820448170958038846342448059453
0.0	280812025003046425103523926419522508981
0.0	236155130553006015462223869461575639415
0.0	236286007355323153078709477889408774694
0.0	275828660651022227207934922055038621150
0.0	243601637573067180481760097920390785638
0.0	248924416087890846467163946056914623650
0.0	263222424705039280816488083453409610442
0.0	262700947356676480722919089091638784480
0.0	100091494040416663935057237862588084680
0.0	103071109722346685705295529441711403226
0.0	111000120156354759379269857878691545820
0.0	119176874569930057768727716220392163146
0.0	121169974560396204606159748884704507800
0.0	123682156988548743550673164936747550348
0.0	132776495224729843957720611484986824077
0.0	140940990539699666231072656856348345616
0.0	141065561658516677599947652607253940763
0.0	142021431541244396617083244967090195870
0.0	151039601203681108661519257085362561661
0.0	15473447368257641452735900684596967822
0.0	155408808649743360499737328689020701802
0.0	157260946417166045686893577782113124594
0.0	157923600072653001580400418009144747720
0.0	159682953393656629767136960654256347309
0.0	161832211908315165204970076394074634802
0.0	167510884846052769560906790274724564941
0.0	178651276355216194826471778339219579810
0.0	180845028970659730206129172153107842689
0.0	185160030367469559769385277229115927956
0.0	185729240473653951042663009673655427770
0.0	201128819162656682089044830575433623895
0.0	217005471709527602956768798737124239170
0.0	212479749850739455598083391891732284560
0.0	101155342309099023457763396483187216711
0.0	101698325806315379639151735279162153283
0.0	124539027847854703145682725519509787138
0.0	124755461235559484338789911268173943510
0.0	133832037834640190655640880806440486432
0.0	144360701411277973616160451078339468737
0.0	100104814460745585231211956058931906958
0.0	163881635473634993887815681574865001069
0.0	164255597301926520971795174413797898158
0.0	165317077764519104918241511449952492996
0.0	167589815323402224497594104106641416754
0.0	167787019122824641709271222239895838814
0.0	169009455096675555411107933007607568607
0.0	18006574371051028071493043544398356550
0.0	180948616611448054793048764108764130721
0.0	181893550172112824387173613011416710079
0.0	18401172720364074408913317540556872579
0.0	187267735733428092394612026132380089353
0.0	191395454771022577131146827446913475739
0.0	196277491111688747928007347573624250320
0.0	1972935099271636337892223344210555005
0.0	200698795122433528430958243075070124398
0.0	204587929431728657973029330969416892526
0.0	211225618647143651426597328186381705367
0.0	211325144763102254899290493898728071080
0.0	218633230433738301130887978816290516687
0.0	224511042314076777315616194215030163125
0.0	23288785117300119977841416249496393347
0.0	234149890508608554401382544568445995272
0.0	236870071572187597962712245800252961884
0.0	238706134939981955043337073994180662470
0.0	249460088201913572420844435208534656493
0.0	251813561025223651757780388801584966370
0.0	252433296738753825490015638163624325875
0.0	253806679067618651434861435324408458460
0.0	260682768061986507096409550572186730752
0.0	26216718327562121767948086157192852315
0.0	262433558085549260265002796329378027151
0.0	266281110113774288602344934369360794990
0.0	266908862609995827029335796979146657701
0.0	267262149208005869586197497625392867339
0.0	267495509992401662190571661244216248533
0.0	293426024629408995337009034756753103587
0.0	29506313874612885082987919678829609222
0.0	297420963136676943195245146368000646841
0.0	298904983363966861565707535675512979251
0.0	317322452162442035993836611926286994940
0.0	317819456310457891525370051805120752091
0.0	325551465476478745217120496075343635257
0.0	325721180742450299433481639570458206715
0.0	331791460663330654823644327670885360736
0.0	333508036736486930532944071366487268796
0.0	338596685268861018175176417152734626341
0.0	38975171992375870261549867805134841698
0.0	42111341419716631000430378291212668881
3.0236565E-25	272496827425169888514167691039243301648
1.0582798E-24	158689435338304033814567691214955197194
7.205759E-21	309056596768509273495815353521690294941
7.205759E-21	208089785723480069706881250907642736615
1.080864E-20	322915946842536611309613311522123287448
1.080864E-20	307691043517447401099991548180233519827
1.2610076E-20	253050061113968630936378768708535821722
4.588438E-19	107566969997167953227726739954543226999
1.1043856E-18	339378749563917831559745046641334003286
1.8653138E-18	70060569428094553955759029052754275096
2.8913197E-18	52380554279944803568908050986400784918
5.3187654E-17	303702207777382934626629332473676214928
5.3187654E-17	191692921926133171726963231382389178399
8.144972E-17	252950999285205049564949480818988273159
2.6999887E-14	289942191125387211444224128344704880499
3.5679543E-13	125087506144108508443093485443742227044
1.928617E-11	131167479864749486559444155371833386687
3.146501E-11	140944886528556020613275173178438472596
9.059922E-11	200261710051207532899617895804989628202
1.05337156E-10	337792695698017497180645505294594536964
1.1772508E-10	242456181710541686333964006779188253293
1.8807367E-10	7379647251642267790759416747572573901
1.8807367E-10	153733724025981095598605976315084440704
1.307048E-9	206461502685355612864275819093455414678
1.307048E-9	215682306944828836714538752553568422262
6.135557E-9	105985475680660441173574534176884245751
7.4426048E-9	244422592492833930338122932610661505888
8.51978E-8	50909355370552875789979773906521774914
9.8651284E-8	38974809964672384410431758397205172488
9.8651284E-8	46453168293124023263534060175442306570
3.9853626E-7	30446152723884487427014048668234112180
6.961295E-7	248352859439203738413572688350754570025
7.430441E-7	113886702475889907062216278988411544053
1.0270119E-6	40277029304860780119282282746036066781
1.0446777E-6	254848115038737725256243484303083936347
1.0828969E-6	49288856607580465698273199742595045991
1.0828969E-6	8789826593237538799230136978229760448
1.416727E-6	277408202628260113749690402376079009218
1.614608E-6	172656845945890887459823056829577678585
1.6514039E-6	226545376984213918972257388794698775767
1.7835193E-6	223271324239482583023608235690793612285
2.1871515E-6	76475794897674139115079300507384148957
3.2117905E-6	68900692350549588855469811854487423112
4.214674E-6	268965172181070736928728105643187994746
5.449463E-6	182508721914531348095088433142981056748
1.08953445E-5	311722313434291397422733953944035075370
2.6162525E-5	47221850307928936990965387708256487278
2.9690618E-5	69717665715511847251802046096778662229
1.386257E-4	301678959294253391424860999256644801972
1.386257E-4	37887812205584685651731191817385442184
1.8387518E-4	134228243943421288073123661490827030844
3.7714397E-4	134912212265104509899490636587387286579
3.7714397E-4	110838606352139739555445183395293893813
4.84492E-4	4060477310201778728807173212534938487
0.0012973535	141705365482561167129210571335873146795
0.001431046	206140374927697789703727673218751872879
0.0015691612	43342363930667121593526211718413549466
0.0015691612	238643438269849836771409822410503774725
0.0016693436	328841395149836724782535920171168726804
0.0054567754	169800050351454197940329453098389673689
0.005580036	232017721672467270439231252303314481279
0.0060632573	44564659627154659293937750159529829882
0.033565618	64032941963750223601505696787123138445
