4.1231676E-26	311109874807180587440981028548942248254
4.1231676E-26	206002930198465504637705251319735512236
4.1231676E-26	246999727129784288801565880950443544144
4.1231676E-26	221164272451704998254712582512671295986
2.8862177E-25	134553584869965343718225236107593833324
2.8862177E-25	88960064016464075073204811650534633697
5.3601186E-25	227889903926694618128463611203226457971
1.0033043E-24	223949373727913453897856317542159482462
1.0033043E-24	230494478378202959878918034107190346349
1.0170482E-24	195357804972420586206904738662176230974
1.0170482E-24	154701293236258758641933469372955735252
1.0307921E-24	39645747688525222741608626589899792034
4.5043692E-21	256878780547481084668685399506064110158
4.5043692E-21	254469489272380906234027965260983771223
4.5043692E-21	104151763007088162975342536814409676728
5.40432E-21	176001101877708896940231845609603034580
5.40432E-21	138450671554923244099251681296756635244
5.40432E-21	149733679219980965998371666809473827536
5.40432E-21	254455640086143694653801873661029786143
6.305038E-21	3570951434873314813014243855374778112
2.9884924E-17	284890347846316027888826461837199819661
1.0001041E-16	104828107203992490847021457928552382733
1.5319806E-16	213598893765527110122544493061075044857
1.5319806E-16	156509537170359113084225062009463996849
1.8788101E-16	179416559937458027777718482951397038829
1.8788101E-16	80655693571670108132996702638099374846
2.878914E-16	10176627865937514691665694800938673879
2.878914E-16	254910706308470262299936906317406775205
4.701034E-16	247386920618901500008409563792998009258
2.1966465E-14	167796545932060213647106853827736468361
3.9834347E-13	1484027231423131599348801871714235581
2.1322583E-11	248178235860248274975968751117946478083
3.831662E-11	295429788762988877631658208805032729954
3.147324E-10	66768204399459328209830463236985352990
3.2947034E-10	269136737031028375564560289391598113735
6.53524E-10	309242625360340692433307752520920929572
4.0418634E-8	286064436384699398553699470983869204052
4.0418634E-8	112705218185586613053023200466661570847
4.1331646E-8	143941862162127221968287971302880226695
2.0273387E-7	334105130735973118292610272712653547774
2.0273387E-7	82115251859512305467122541804482239805
2.0273387E-7	175530413420366779126245219970408004947
2.0273387E-7	111217819059895653196447364979218189099
7.2879527E-7	72703967801255877038089478888215090573
8.8101115E-7	257041139748340606788653307929537758548
8.8101115E-7	133880215739066861958106161914473540037
9.996102E-7	10859902327906859584103309082276359219
9.996102E-7	231166512711259117298673403487914953168
1.2115236E-6	287271366208899636113529409531582498336
1.3278502E-6	285016278918672718947115932908117515871
1.4116647E-6	150291941336524152968493141264618540451
1.4116647E-6	17099264582787786523138081607100122788
1.5171502E-6	186952102504667897618646614600561051609
1.529949E-6	282771991524459442084903916065826472670
1.529949E-6	158423081121764262387408005565632976399
2.516837E-6	209516636680095386400125718785147219475
2.6872717E-6	237996662215581278688305645343786904460
2.8977834E-6	237303029416211182911401551571467314139
5.241176E-6	66287231212468572388959987168858504722
5.8166133E-6	134623294593524666966356657715341649879
6.5851227E-6	321284177039199173819309543304779365402
8.107108E-6	39345272193205933963875441086906863379
1.0347712E-5	258709176864599488288795922563110407305
1.2977616E-5	157188638945719359902474536166866446614
4.4572786E-5	178323052824258282451222141492114231086
7.608284E-5	37266577905025371833303912520705609036
8.5852924E-5	217032144108758434166034075861071685698
1.0051587E-4	143520865019680325426336923185774788360
1.1797417E-4	247514764640856458568531371123603961997
1.1797417E-4	159033116681281466126539551682703167208
1.1797417E-4	274052191892782929153143588940007456968
2.3187441E-4	74907954897708420817337607217001865709
3.231468E-4	246274778675313575105280689569663865036
9.952595E-4	309132039060620560460703183402856355184
0.0012840603	221922924981771659565470462298909419959
0.001373387	25846893321456091923653845931433767490
0.0014196562	1111045540444303396409349607180772562
0.0014507624	330254090487204065512243801899323777887
0.0016223586	39952014804778382411505257856610983524
0.0020240634	229976412844726950040947127043148777229
0.0022983565	280977461714919056679049292010678396068
0.0037891245	136298407297584891074674755422741484915
0.005078976	320537035071491105423977840837822725689
0.014754469	284510239251910046427593057486449185085
0.019772261	241796139462221771329041646868695215641
0.023378473	1712967822958713490055716528324178036
0.101364076	39016977094134687121681101995968924050
