7.4242495E-19	246088857517589628094858926687688587113
7.4242495E-19	53499654469763609741055016068212133124
7.4242495E-19	263942243258690050823094294762517161188
8.991845E-19	140332502282261132095754163613377410388
8.991845E-19	286213462383928139388238931629235228105
8.991845E-19	215250430803983201036186390480408119002
6.1905476E-17	236144123939018054448477496965018031089
6.0186577E-14	62794112935980654899276582508597694696
1.8202607E-13	272083217486584721499770523176104570691
3.7041043E-12	332592735244466419185908092918010684096
2.4531394E-8	155934175801471782083445903850285816983
3.9867164E-8	26005661683249981277518396337532417030
6.574269E-8	328304220336168487595353989284969520700
6.574269E-8	9363917300422442913390367304873481229
1.15431014E-7	211948570806114366813953794021949993845
1.3635035E-7	257720038771291009590319852168259822381
1.3635035E-7	203283275011638299234436155267299738953
2.2993181E-7	179398986365670306558701691760673615670
2.2993181E-7	262081322604731753122004457201403505750
2.4430946E-7	280709647108732570268479272516102803624
4.0561773E-7	67732414685453698948206925442073393351
4.5661196E-7	48982051175776146004878765506079449561
4.5661196E-7	64635089299589494629421455290149705069
7.430098E-7	83624382454629768688587941152262588748
8.703294E-7	192052614572419399766989436798060373421
8.703294E-7	62478413123117037664208709690558865763
8.703294E-7	36464299610993031523470215706205601640
8.703294E-7	340064044018802351138666639426606938338
2.5732359E-6	102056784780448940861003332621124185096
2.5732359E-6	103430434276524245061139520123384622966
2.6604837E-6	57344168593562802993206617810460635874
5.4712623E-6	146904527384791289554006141974788664470
5.793437E-6	146699297930592807436162280873668642957
7.690537E-6	258445086495839543554432541215269526128
2.2453927E-5	168395577420593164240039041132588190035
8.6333755E-5	334460484124321326784840560775422993325
8.902077E-5	40808820736032179966412699613272368449
2.1848788E-4	147696562885340812245594029764635252919
3.6293597E-4	239248581265227250385202765174531432725
9.81941E-4	8560955277094323405579237392850891505
0.0013467156	16957798726909295985633937543323968559
0.0013467156	148437981479211096058333797042500817570
0.002061967	188707161876881368151749409735958468935
0.00973538	251290491686687990246865529160711840622
0.014318754	241126828670820883402734062751553380026
0.020762844	53574257330649294493201710463768238244
0.08536474	333167821653463323235971345946071414244
0.14374767	269011742891273932588164655856253091447
0.16131093	131802765080162628666440881374317948788
