4.1231686E-26	133706470203129722454890247357968342719
4.1231686E-26	99672394231935007355213885445322813872
4.1231686E-26	77252666231586858199352179696635942268
4.1231686E-26	305592946908923458106816572400783261258
2.61134E-25	134409876727261724476478082572530314119
2.61134E-25	26751685610578450614736955939223632656
2.7487792E-25	75848478160215886341330894882862174140
4.947802E-25	109281711534141744224685876605670961492
1.1710885E-20	8362419169665894435170479189366384739
2.536426E-19	227073644685489936653437830735081027743
6.6404483E-19	45605956412484431207195195408099363383
1.4549111E-18	96056664179343263141077800777676845610
5.636494E-17	174698056768538838483499282126383236691
4.8966355E-14	209475270423138084561355783618457470650
4.8966355E-14	228651350806002150134610067219555966453
2.5099688E-11	228328524531602818343752711494439392534
4.4719542E-10	52508149669061510817327887049831564219
2.4742866E-8	45122025610745219429253774870531623164
2.4742866E-8	61458598785378945829606421065182662879
3.3224293E-8	39570154188703148409826824947473152206
3.3224293E-8	9371641823894292071536551790930251428
4.071185E-8	114360600484577487850383291957389811588
4.071185E-8	166654540613645651699981272549988911069
1.333507E-7	105312916104874090673939651062524701112
1.333507E-7	236292920458596108562120244860058739764
2.2287084E-7	243269416248528431209397828554275103903
2.7856325E-7	303471790427072266033809710604492276764
3.7279685E-7	197268467573010312782956446123120496767
4.0239152E-7	311526916461642893340144285886149315918
6.425651E-7	131005935568013059208143697309212147465
9.4356125E-7	273003062425606758708810039714123257959
1.5459769E-6	21727756610828927514754209799142340355
1.5459769E-6	294390828414916752413241597465282880499
2.8984093E-6	17918582899983140576437674916983704723
3.6389313E-6	148338284019512431565053171909775861449
3.7284483E-6	219323903603950409496351857096125566463
4.0029913E-6	143892821185678952466026166876450538590
4.253489E-6	195291760089059005717103538836772793940
6.374926E-6	204016835001850544373571620662094989471
2.6162534E-5	231037312372783520147514970923469795797
1.1486073E-4	138828430001799742448070816344964599390
0.005503777	108771242931156240061697931809834171942
0.015965095	311218742172378233346616275946093821692
0.022580503	263777946041694877194085702269294990488
