2.748779E-26	163157784307976158982547457583806700509
2.748779E-26	105991900530603080721578030961178554534
2.748779E-26	180631236830463689805868117030690924089
2.748779E-26	45142260712980766194399148674678492110
2.748779E-26	118171249109744529510960692268475562110
2.748779E-26	138905553411732662928581519768173760189
2.748779E-26	149553462570695970626469911907336755070
2.748779E-26	102433906110463657331397577460361730049
2.748779E-26	101708949463828012886639418343203897400
2.748779E-26	48892117250805672711781478645323542427
2.748779E-26	271422585636774255076787933895038052574
2.748779E-26	301543306097112511681279623520031406990
2.748779E-26	206547569696610074153617921648436562788
2.748779E-26	239938647157056942507940067669966469024
2.748779E-26	255280252666028007774822275747959271369
2.748779E-26	214227119721764703203540916852374630274
2.748779E-26	310785703263243300259382535558461780551
2.748779E-26	322158256461752680291062953086773382864
2.748779E-26	51215106785214331140644772057781531176
2.748779E-26	260907912469185546753718338665745404926
2.748779E-26	39973340393071191277061410081644097755
2.748779E-26	58810157028892697732178883351379776184
2.748779E-26	230341373002559335379568290815664316674
2.748779E-26	287528639354819936239758591096445558638
2.748779E-26	142777333660180588800765617213094260942
2.748779E-26	224920932309116756632611280739755882333
2.748779E-26	197238192089316451235935259157698408313
4.123169E-26	206245629516386798385157880417661883178
4.123169E-26	216610057994866919986882443587365460472
4.123169E-26	303658122032623818033587784438458771327
4.123169E-26	158988610135721754735544128942066143556
4.123169E-26	194363375547542504278125482357581313383
2.6113401E-25	229901024565147618110698686803035526158
7.2065154E-21	219843509333357616150706604730083901418
7.2065154E-21	62659567311347837756534628149954344389
7.2065154E-21	261363233894904173475552950308040612372
1.26100486E-20	39955537522925736718131116213778955368
5.557266E-19	208600741189891258834181747340295805766
5.557266E-19	322882148629195540929823274987120580759
9.661292E-19	77282496729045770526347298112320501712
1.2012687E-18	257577024083018851402173832058441705417
9.771612E-18	168669197072143013939701671935113276536
9.771612E-18	264534222123843116084905648992884066344
4.5201113E-17	128063609846059852274526807889698773345
4.5201113E-17	71408312164539231835469193784941935830
1.1369302E-16	204362060973951222750041528939039463163
1.3469335E-16	97997281176622335738949697297277771187
6.018657E-14	19661343561796558106448393180193665481
1.3416435E-13	141929379452989701788902716265969484230
8.474735E-12	69816761627894850794637872670452953396
9.77334E-12	249924898854624437365424824271288013915
1.463438E-11	188580221850008893185684697176689312492
3.7486743E-11	212293200793035853288343529900682309203
4.403484E-11	90986070951804258496510374667983417409
1.1438343E-10	214935770901222293520444319744915791734
2.4221275E-10	76749811809679181089218493577440177938
5.1521162E-8	182912734431941219465477914840537408900
1.2741526E-7	273946542828741584392295048581115979564
1.6676796E-7	283465587959366391254510871667493916314
2.3708455E-7	113575162294127105873863181569266645353
3.767023E-7	70609717032687437676721744016195393954
4.8406355E-7	141826383486621161770196488826983449023
4.8406355E-7	224850683812079353399228413706019125988
4.8406355E-7	209836795714581043037404746360992151851
5.084022E-7	301963573155520767775226779585887193934
5.334963E-7	177001098496485503758876501498406627032
5.334963E-7	326881041311274087926308430764452211261
5.678729E-7	144900588505072883730646880311197783809
5.678729E-7	41366686585332486219168108007242821747
5.678729E-7	48006688997808259578387141138170531024
6.547979E-7	173786166519073001535025131386931130195
6.547979E-7	169271240156895611799465399264106338124
1.3353961E-6	283128756498740560589859924136107541886
1.3365909E-6	14011286245753718478165096797397724530
1.6053364E-6	253088904817458933144195353752119407526
1.6125111E-6	113145492763060609818649992429378943018
1.8243165E-6	256286661314856012231102782882476384271
2.7870033E-6	257789485339256160391563895178361067344
3.3053743E-6	113770308975514451523387698718534772090
5.257062E-6	56743813086174805638605947418850487546
5.7722273E-6	291160833840087182770075952996594873963
7.3184956E-6	90905941323114040852132089841891288999
1.4934025E-5	165761049798567581408148360859676925066
2.4533649E-5	26742283628533398445097367044105314341
4.6161687E-5	121120469509537280483082175265358922427
4.6161687E-5	233988019408743130905205477897543988855
9.7090815E-5	311841315898332644815785775785783420362
3.4456328E-4	226180426452621234925977995503475054412
0.0013149248	177660589821500577494164998694349107711
0.002004092	331652327833785348676066748797862686293
0.0037918799	264183064410292325536684747521314643098
0.004387606	293208902066217035542029563129938258121
0.00873675	225189427974061224752548208772393867835
0.010987822	106153766022358959300851279860610095146
0.021505032	294418289840301973322672169300394924184
0.050235458	157265622456866863021756506206858758746
