1.3743895E-26	267093596958272274305957584109796041054
1.3743895E-26	223466075245694535756014787795538624223
1.3743895E-26	23405446666955137713539023989002667566
1.3743895E-26	305498891195633166816602380480565093549
1.3743895E-26	297570281996966127157685976231496275549
1.3743895E-26	256446954723841636760676341851963745118
1.3743895E-26	257472291397533050852735757548559695550
1.3743895E-26	283974972852838868616907298633617976882
1.3743895E-26	171578987908257422898758074288624687823
1.3743895E-26	124859441080509912063662332625764656907
1.3743895E-26	177863764761830399659063575719351914942
1.3743895E-26	146629138567055993233325949428793766807
1.3743895E-26	61674933482082755818337868491439943467
1.3743895E-26	332432056387570096804328965819651806140
1.3743895E-26	332848914341590321772893124422282038432
1.3743895E-26	306208238523143405561205202798291623947
1.3743895E-26	275618801776393294661361405274637676548
1.3743895E-26	153047230633135380764526642764689280072
1.3743895E-26	11213369062616787772162732519710728040
1.3743895E-26	120346962812241728467725830294320481151
1.3743895E-26	120602418271780897929547382787455472377
1.3743895E-26	123140448791683636511599143765578386733
1.3743895E-26	268565818968773550299041364401485212080
1.3743895E-26	285744849860025721978108914885476784756
1.3743895E-26	329599603108734278334148246333059199223
1.3743895E-26	284719851931658564764813812810492637082
1.3743895E-26	280987814823315258470350152396074521042
1.3743895E-26	49450034838584590749072231500596589863
1.3743895E-26	267287940771479999939515185898594342724
1.3743895E-26	62713390742272930434272950186583754822
1.3743895E-26	74816702047809600314166852358893648366
1.3743895E-26	94317750389686141648224257531781541362
1.3743895E-26	93845877993249787545411508449477817191
1.3743895E-26	252383775401064529785178698946583976446
1.3743895E-26	290470118573576527831061423192100041954
1.3743895E-26	217773264605019090677936478371298890006
1.3743895E-26	65889047539577773819162210118543238206
1.3743895E-26	222336008307504967756526728755331420116
1.3743895E-26	118322356771144777332342757732843793528
1.3743895E-26	218283437144131328317082295154756713482
1.3743895E-26	124110556564131503994710221743079637326
1.3743895E-26	208477673914101590792823026484190119295
1.3743895E-26	16920268648653074292722750206284752700
1.3743895E-26	214081982618080312543018689894936620289
1.3743895E-26	127249724897478615720888027075625138912
1.3743895E-26	131601999951882111799498816939012675154
1.3743895E-26	37950519499357910353798098888278881787
1.3743895E-26	268059704352664874458168402216078643911
1.3743895E-26	244847812813268286533175002363465082832
1.3743895E-26	245936186975880467856487621184559854673
1.3743895E-26	225059036474922192239825946342222801792
1.3743895E-26	252302662824471953669829470639062401878
1.3743895E-26	24830678771676407698796958313188774622
1.3743895E-26	259151701102254669529073267058077722221
1.3743895E-26	259242729308284898327158749056298972503
1.3743895E-26	6554984456563444621310461374890248205
1.3743895E-26	61061509773560296549127988509020204101
1.3743895E-26	75523267664087879139363872826585119081
1.3743895E-26	93163636655492185344438311217608314085
1.3743895E-26	19322256942051372269790389695806886445
1.3743895E-26	184730033442649833506157061870228891452
1.3743895E-26	114177634878943214885070864765404285387
1.3743895E-26	177235844516395237201210236864454896251
1.3743895E-26	324797022094703200415067601271888198827
1.3743895E-26	276691997588870199359778880362283330008
1.3743895E-26	334502150487487806357973337995239569281
1.3743895E-26	287721965217585161441143669939341161529
1.3743895E-26	281732087925253300885324600292861215365
1.3743895E-26	63693623388080060014771199926805265987
1.3743895E-26	220599838960122958572578257762401799667
1.3743895E-26	259382739539730749315267252347333249170
1.3743895E-26	262249437762715069479435535480051060777
1.3743895E-26	14551104211934058326126297219883236748
1.3743895E-26	121921936999615245777750246260251550136
1.3743895E-26	106467124460109866925085424762333953361
1.3743895E-26	177158255316932828847567181900627972177
1.3743895E-26	135975887420128367637483255587261025927
1.3743895E-26	204957196011658600095910431271266245488
1.3743895E-26	198945728335737647544617900492322410433
1.3743895E-26	16977202360526930553419230011542604217
1.3743895E-26	171133593252628295596766071408615579913
1.3743895E-26	65488086675935445401848797325275441193
1.3743895E-26	38750681155198863654423716569056142672
1.3743895E-26	19896200399848534251148632031714892917
1.3743895E-26	118237428038526119387931510171031393714
1.3743895E-26	119490452748626268898184093531629908560
1.3743895E-26	227111154707007549791147671681805914079
1.3743895E-26	174798014826087001109402970076314476225
1.3743895E-26	181641035213215081284494798017627641308
1.3743895E-26	210806393881375387316460850155702158193
1.3743895E-26	159211250830612146645619120356348460945
1.3743895E-26	41457311285897792464114195840508097585
1.3743895E-26	51342388923533316087202508129906416907
1.3743895E-26	92529771988193170554201431412979270645
1.3743895E-26	98937185561978079459482218053265303043
1.3743895E-26	4792706302046726222960881736122117416
1.3743895E-26	320623492523177418308141946212497002190
1.3743895E-26	97307014248294707745853762850001265547
1.3743895E-26	180717210053121655035744517145905633842
1.3743895E-26	176454884215181985090844963688452828312
1.3743895E-26	234764616561767221281368763095897678377
1.3743895E-26	119827365515155217769636073624848369324
1.3743895E-26	106430375671528733752657382962103359417
1.3743895E-26	181834637543208778424710138222870487966
1.3743895E-26	58653172603566117405849054061558305099
1.3743895E-26	91106845604802291866583785012053620685
1.3743895E-26	96986947405959940051473053808920696988
6.871947E-26	217567122762268266175139221449343657135
6.871947E-26	222275189319709001558975797976595268240
6.871947E-26	147446280414526622704491143082501921219
6.871947E-26	102375388445416249164158266809753704026
6.871947E-26	189442247501195041328552484873507522411
6.871947E-26	79615184574486296677911851031911038381
6.871947E-26	244822909851628016830737479791662675613
6.871947E-26	334355692478423953548743020917560380839
3.2985346E-25	74876126461050445901916903442067575015
4.5036406E-21	230377424677362154217680145779246630136
9.00717E-21	96610377384837146561721552201909681848
9.00717E-21	76673224573128484581333245703819530121
9.00717E-21	35333848258347592938863662685548164285
9.00801E-21	76777647797893552212673775685563208776
1.4411519E-20	315524206798502134443974545497951144227
1.7869339E-18	24022395146020002235939626029206480624
5.5891246E-18	485579059884099510821974804135028044
7.2396515E-17	66771266297146152256659304342382641825
2.5320848E-16	205813977632542686978302900747896098452
1.600596E-13	82096823048304991365117888104060768960
1.8705949E-13	302220634391745954130200016629879702498
7.31719E-12	54427239248726602508295467675176663609
7.31719E-12	209419957008470942890054631004712020067
7.31719E-12	53495003967476345993375522777762690241
7.31719E-12	147770608699699441738313113773273185151
7.5096405E-12	193165043979442454049304779283599176178
7.5096405E-12	241697203670048514198090719336351080494
9.51283E-12	38946220665192335948674367006265296497
1.473793E-11	137396358516634883855526632767089320898
1.8743371E-11	174955013024569271691190563672403787392
1.8743371E-11	1169390557482135722042331993712951686
1.8743371E-11	272209365812442851485211847068039289312
1.8743371E-11	298587154943827895904615363596360349299
1.8743371E-11	31066040057175855532808651337575436903
2.176467E-11	290817783841057944103641881046506903024
2.443068E-11	240224301573841502038305965245995255622
1.8865003E-9	185374542571355410002145968550212686663
1.8865003E-9	45955236532567957114605542385737698883
1.8865003E-9	285070489513123957209659176214619361296
2.5400242E-9	238392778971026717964897698637922720554
2.5400242E-9	61518228462803140783461494507846498585
2.0766354E-8	160568146034522433339592088885710013569
2.0766354E-8	300678137642574612657156527332995967405
2.8128465E-8	184111238320073379833499299323496890055
2.8128465E-8	311251218810716062801258976883661436813
4.0642405E-8	172596240991997442956428730269913495919
1.015441E-7	214713391882398428193488337287506857125
1.03126055E-7	70614991611688538212611206541783540692
1.6962352E-7	225399164598547476513128400323460728325
1.6962352E-7	119294362146219027879306113878013973020
2.9267358E-7	106216515210602610132784218218717797939
3.1851403E-7	173658900651743084074739271585309087036
4.6448082E-7	241829675753345939587326843120035906653
5.22861E-7	41096784931458508541826559406080450925
8.968623E-7	213594843155541106933242455763100395377
9.437837E-7	229209374760066091091656202709361501868
1.4173122E-6	167297421590122960228949882340517643805
1.7626633E-6	266885986442696068498089597944347679681
1.873924E-6	114668847584713734252809403232894882647
2.082616E-6	239699548776247491350716234967958052808
2.08647E-6	313422863002487949629318495440367897234
2.08647E-6	166512322004995566323543726904471015240
5.449462E-6	280061948337325255690839130639251304057
6.046609E-6	102441775703546131985870445781259609353
8.152889E-6	99565894347562893925173979972985031952
2.0329313E-5	57077368724005703847920257004913251627
2.0329313E-5	300140270765117031834448077403511965250
6.733755E-5	43818979484444404209785013612958785680
4.7624594E-4	271500763985803253075645216616848875245
4.7624594E-4	95389285824145113392551440829866916376
9.2554593E-4	21042798774052607042177828475676971969
9.2554593E-4	82916895421614049846264832830932849946
0.0012814184	300964250774980133368386981144505556523
0.0015976978	248107675026953395158100743559842808299
0.0021305336	304479433570707725189490986150760328430
0.0040684706	153342311015769518513595145341069179818
0.0060136076	145426432921133749317922477714102706808
0.014699815	252196396384583199419533291729892458717
0.015693545	80864486632161759425781019242157304936
0.05310051	147157785195025897913289327507587874877
