1.5632298E-18	266853332376908898842024688347813685252
1.5632298E-18	77839075646608348513294697329913013056
1.786934E-18	21536911934284225032052513752060030776
1.786934E-18	177088185248188156729087793890761076196
2.8913195E-18	94924765878547948393269757311093063803
2.951197E-18	63603126664078514456756417579013826659
1.7093107E-17	72282851154969919243436433414175723321
1.7093107E-17	118689697599268150745708145986925875591
1.7093107E-17	263918749254327976355406074102939424472
6.050537E-17	197576864099014614345697608069466617558
3.2995693E-11	206706609678464376908865685039624428209
2.8781988E-8	31519933618097638655715012822197621260
1.2289583E-7	178162038715933857678029773540842287749
1.6707666E-7	61484236270195184132550232599148818446
3.1323842E-7	18799425049088235947395735032712083836
3.2643462E-7	57784833027368190461068441636837775649
3.2880243E-7	276404501448333266071058120832977564302
4.1387202E-7	64230194386896073612840864476828411997
4.2322503E-7	296287786238197317133300273858854792
4.243528E-7	297988563279953499739045932433190426933
4.813489E-7	55984931786486845790062718926455508193
5.220607E-7	135478211490134918804119305675712134466
8.5897847E-7	162872578049868174014268833537947034562
9.274276E-7	155789302963045747154886064662059249546
2.7735161E-6	186139942777031850224416644435746494626
3.5718092E-6	14677351876820948735481509635153025641
3.6020363E-6	203557631930978181035467048946902142883
4.3712885E-6	59870759968270295183953265584451018596
4.6218224E-6	182254940253123281529874683178469352472
5.7030798E-6	93782778421507525736925725146632778810
5.7030798E-6	159507249648570235404402678035222018665
5.7030798E-6	144855048485043689008438078637915677335
6.2788718E-6	169858908904277126273409097504561707491
6.344651E-6	339497972997602318727833001210274137898
8.623908E-6	329150919818875164485242030882432283590
2.3987539E-5	55609466917805955510944158148434223728
2.3987539E-5	119130924790163007148451560600107241195
2.3987539E-5	147545419724739970243173578017931792621
7.58083E-5	88053891984365756350607484846437566818
3.4525574E-4	82247681098100387520514905650468531021
5.013425E-4	204924805455167904510083928270251329153
5.8803003E-4	118101895349641699059424577213429127123
0.0012814185	64274999690639712785781780918500307026
0.0012881974	37233317212491938378092167824196308415
0.0020347054	113549645950665628008277107245374917408
0.0022962627	103751910713428188153876680451043826394
0.0031264483	75064076505977725338287561605216146024
0.0063490844	156471617313644419826686265789184402299
0.019932462	93525152415939005147939695178168004149
