101502213530427500073935925407199364874	0.0#
107039697450113557819214267120328065372	2.0479998E-8#
109916638359653104073377599895980608798	0.0#
137909639898141700461173377026458084443	2.1544957E-4#86028132507603020619142879030088989384 9270209163791742423370925819013436065 312472101041749598383394243806097591338 300566681181630627342448034358252915817 104105844697470013276372331783894076726
148511838361064104411653673322648403910	0.003605668#111981443422667599916101641267414970874 298690743135077500802007851608046438995 116480772629362012002460626777081605400 128183871744877554585230061226621220539 133301738004088394381048661629164509881
159583486892126727310408904255503027072	0.0#
159623429792934920820428261473190069327	0.0#320953233082386406076141356937945833584 31524518271003421717127289811729069451 318049505316551999892499844357594633158 20530089116785438062412010788506178045 106248071544932858101260389753239382641
178456157558322208751471839220429895128	7.92576E-6#
180262219221002860037251453067895209541	0.0#
19051370724276319009455654636783930464	0.0#
199822122464071908913951308741410148543	5.18144E-6#
200642971480791616891274148539247462474	0.0#60748296306889477526435443872493978939 111981443422667599916101641267414970874 137000667887534977904087006647379235708 63201890372344028542369925037210640286 131108121897806521314499260201471662277
202261285345893050284577083677055869646	0.0022335898#
215404483978864431765699546288306623507	6.991873E-5#325392954154569160301643663791194511265 171077632430246109154215903371398781993 154334978349944314354763297024445420307 85344803043834967073058452079985465212 239659824209525805198480427579544894248
233142923567458840625078576438787656068	0.0#178456157558322208751471839220429895128 25996155663439258091028409274174722 321734448238797382916414753632671552238 44556536114348660140101862402148141289 106318732756445779580545895542264917122
235221262503132251318307525852793634033	1.5155199E-5#178456157558322208751471839220429895128 269858337411539964233635277827604877080 233105070952326884301429131424954028759 250548302568271141813336283202741405262 51152494686440564569489269954925997755
236634813234009799576905958799491809401	0.0#233105070952326884301429131424954028759 334271286387502459558101783877089657575 310270538448454857056357264472860981747 214173009167131477100440805253657146974 89952459349096681914457882055134494340
248957252074123246495361212554932347626	0.0#
250548302568271141813336283202741405262	7.90528E-6#
28430892963094266339009541069524663109	0.0#
287386706533232365262734979266913167258	0.0#
298128308265902772159561615404305698379	0.0#
311619579671808324296448122589505079555	0.0#
312356273873574540334342246751387609136	0.0#
320953233082386406076141356937945833584	0.0#
325590596213676825669221252480145081194	9.353215E-5#182591380592284457608908591940026419997 111981443422667599916101641267414970874 224026621205054941743606844583452622055 225215351131496874370702184732794874376 131108121897806521314499260201471662277
43540114873971322872806261187477193306	0.0#
52309581234480480736861187094613796668	0.0#
5487925150202329948574819772091559156	0.0#255141271871887572604204954207769279563 36360664063537069815110070409777371753 142315515769347197458252594226299622718 306792462041445073243824960556476031830 287386706533232365262734979266913167258
6275734160709542496450214821704394232	2.0479998E-8#111981443422667599916101641267414970874 17850986460150501431458775287214244198 80469667549811152211464277519865129190 255141271871887572604204954207769279563 261954363921247040680069414304563673878
68043098890682693200142816755103078489	0.0#
734563593257688060537540363716212648	0.0#
74205517895828022629285152089989449618	0.0#138359182810264795272076592712066271660 104105844697470013276372331783894076726 325392954154569160301643663791194511265 287509146235885095297920019801780530835 147471673177513999315288555251667943341
85747672042057127702728232425738467702	0.0#2970435439558320389489658971556014956 270480180093897772544469994741750169456 202961726677913427288562482694553300915 95732716011866863694425363371711426158 33889608170475118079281226387480693219
85967889285046948176063729942750144597	0.0#
92282491685772600524300365883978849626	0.0#
