104589015924883688630478619292864275282	0.0014222747#111981443422667599916101641267414970874 64363282148945876210890336872865755343 298690743135077500802007851608046438995 148511838361064104411653673322648403910 255141271871887572604204954207769279563
104646874002097182276953601805981686520	0.0019196518#
104822499240210612678278095841816381678	2.0479998E-8#
106248071544932858101260389753239382641	0.0#
111423505735120462808454156177602837747	0.0#
11680880450714857270776640251178660693	2.0479998E-8#
129461710613192743835204549298747571944	0.0#180262219221002860037251453067895209541 146198051138923363890895100091321463273 76042320732099988479781152708295445493 10600381737077537671566039257981873185 284651099622288071856649410117487983213
132581975139763792735120669073466099779	0.0#
142315515769347197458252594226299622718	0.0#
145182908460672118577695517461641754197	0.0#
153983796076924509968084903081823562399	0.0#73582943509389365779100340266115996030 52309581234480480736861187094613796668 220462821487822213592866968997512569537 163085448558171398192965735903850256150 139389401836266198550243513111741171661
154334978349944314354763297024445420307	3.4938883E-5#
163905985667270091834011698385103114392	0.0#
17850986460150501431458775287214244198	2.0479998E-8#6275734160709542496450214821704394232 104822499240210612678278095841816381678 11680880450714857270776640251178660693 80446494220966558321177510757229822588 261954363921247040680069414304563673878
182841539174744810906556964399986943517	0.0#144611851226820609140186301802701042594 290950318833287074725017582886526077455 239925109573982976031062910818349500993 43540114873971322872806261187477193306 227736848454733841513744432284887960428
196291896166778853643038400851340404160	0.0#
20419777683067229359468327232769616742	4.0959996E-8#58477583058657590206421759030574247818 306792462041445073243824960556476031830 252056459095111156956293422800014459806 240430866303837579968373443883925105427 314826017776531372720352258459539849166
204626782597922714577555012402436641185	6.881279E-6#
230458547963815843865230184945395917356	0.0#
239659824209525805198480427579544894248	3.4938883E-5#
246988111342289214312304322156118826087	2.1342207E-4#30442676062515284415598723418014355061 111981443422667599916101641267414970874 149874461333204057021603155566525236762 175406214907678254733671071519520800888 303806832053566290572095716352649981643
252845963205607703821783485046743943369	2.0479998E-8#109512595733711649354144876915232954291 180969666217053800133205666675952184669 178456157558322208751471839220429895128 221900770922417814241287732736890435730 120042435585252462083972857167006126632
263874592381706497101420790243322662580	0.0#
264757711836206834883282182991003033774	0.0#
267607305098709723454240918762289995953	0.0#
308455509430743047637474903517575229214	0.0#
325392954154569160301643663791194511265	6.989825E-5#171077632430246109154215903371398781993 215404483978864431765699546288306623507 293658093086186907119135290245434567413 250261633035352087572278167158058821074 128300326546980542568431663804587026184
33889608170475118079281226387480693219	0.0#
61534183598447796682840019621984805171	0.0#244376125139740069376186137957636366045 260998511829385777899639320745969559036 132581975139763792735120669073466099779 55025127573354612328109565265566480890 113434555782234224066238691258926969111
63941225635314107856416846113660707610	2.0479998E-8#316462902808717746476902193782473354280 298690743135077500802007851608046438995 64363282148945876210890336872865755343 87924457900008182937630451608095708805 202509318312390492831681674459489323353
66993566404067465237868779469651713582	0.0#
83598613933583531880401701693218397246	0.0#173727695083535356476347582186216098063 248957252074123246495361212554932347626 89952459349096681914457882055134494340 288039342836683592530853526588366886843 148190757253190907539806126461920078866
