114301126740716349578252894953176797955	0.0016187392#
116973830063926908617206181147945556349	0.0#
132216386122699900038627414150789179269	0.0#
141352428574446969827343202413107377959	2.536243E-4#
147038850713668960612331455024278273750	0.0#
163085448558171398192965735903850256150	0.0#
175406214907678254733671071519520800888	2.1344254E-4#149874461333204057021603155566525236762 30442676062515284415598723418014355061 111981443422667599916101641267414970874 246988111342289214312304322156118826087 141352428574446969827343202413107377959
176457292448028001079817765831396648106	0.0#
18226996606774904759425085124567082502	0.0#
182591380592284457608908591940026419997	4.0570878E-5#
192425198345599321392115647171979668764	0.0#261587332289777837697007083985295130303 7391298996237030094795542841262602542 46734922320856283152924337619794396600 168176459605741164894518026967575074592 100948813135743159093791478597675135765
218110959486174731123414987094031095635	0.0#
223288417610245602254092123820760557563	0.0#
23544824657058915434794985567839713739	2.8053502E-4#111981443422667599916101641267414970874 312472101041749598383394243806097591338 104105844697470013276372331783894076726 316109151194601324620109369590070025011 103918878997839985911362877277852399928
244962623488482113602745093357601767938	1.2922877E-5#111981443422667599916101641267414970874 334271286387502459558101783877089657575 281134147907798377886798341763967026239 149874461333204057021603155566525236762 24525209343912988693719984155115043813
256863948244150007761874197409347586276	0.0#
259363794855603491043945373384890573371	0.0#338061064763587872300223392920840114614 99719820172593357839111269569938849931 163695051906595478124071505742746390322 259572984427905385045695893343664273497 268949630128463582290950494064161388316
25996155663439258091028409274174722	0.0#
266923496684859315690601696372627132627	0.0#30442676062515284415598723418014355061 111981443422667599916101641267414970874 173469644955351019561446335093259079458 336010223750100168371957219315825562536 34193902886935509751867197997092320866
26929597329418528790804631575104744728	0.0#67544822196756866787504071856723744077 146198051138923363890895100091321463273 60795091635254663661039404717856275637 230458547963815843865230184945395917356 90448302720952656452297086338333049786
288067200472358833850457153677604476899	3.4959365E-5#
290950318833287074725017582886526077455	0.0#
2970435439558320389489658971556014956	0.0#
30442676062515284415598723418014355061	0.0048048743#111981443422667599916101641267414970874 104646874002097182276953601805981686520 71734590465725598974897142056547211822 303806832053566290572095716352649981643 217182398344717121985059912345853998316
304659735007367127485499378286873651643	0.0#
310270538448454857056357264472860981747	0.0#
316462902808717746476902193782473354280	2.0479998E-8#63941225635314107856416846113660707610 274525346419412888262350110382654321076 266496741551392554746028073651385300355 119717696952293815732069821774394910975 169440672869732137974375266884290725059
316611427589834911322244088517269553505	1.2922877E-5#233105070952326884301429131424954028759 269858337411539964233635277827604877080 334271286387502459558101783877089657575 204626782597922714577555012402436641185 226861436549498590611561919074494193032
318049505316551999892499844357594633158	0.0#
336010223750100168371957219315825562536	0.0#
34531320131496247653831476814519598886	0.0#148138525145162120247551379356901742183 13316630377600683770151410135141279565 67301018398121748004115944308268526327 95476837265457349096842233939197601643 74463394278685178776798386282741461919
43118782509372219997004982314666401644	0.0#53406574837983713041901889589389462391 263874592381706497101420790243322662580 41509179019592296340957414600842603523 311619579671808324296448122589505079555 17936145204122751490003195196551294379
66270661447323285286180509551703949670	0.0#254570336081205118738142251043099029234 280921733587520594230195199520024550218 111981443422667599916101641267414970874 171158006835268781212626475808204040128 162644630562437292235103471492040403327
7391298996237030094795542841262602542	0.0#
95732716011866863694425363371711426158	0.0#
