9.973759E-6	202026382238592416088178421280334500010
1.2922877E-5	316611427589834911322244088517269553505
1.2922877E-5	244962623488482113602745093357601767938
1.4786559E-5	269858337411539964233635277827604877080
2.9941759E-5	233105070952326884301429131424954028759
4.0570878E-5	225215351131496874370702184732794874376
4.0570878E-5	224026621205054941743606844583452622055
4.0570878E-5	131108121897806521314499260201471662277
4.0570878E-5	182591380592284457608908591940026419997
2.1544957E-4	137909639898141700461173377026458084443
2.8039166E-4	86028132507603020619142879030088989384
0.0044709686	116480772629362012002460626777081605400
