4.0959996E-8	252056459095111156956293422800014459806
4.0959996E-8	261954363921247040680069414304563673878
4.0959996E-8	306792462041445073243824960556476031830
4.0959996E-8	20419777683067229359468327232769616742
3.2931835E-5	57470052812827611021596104303100687084
2.8053502E-4	23544824657058915434794985567839713739
0.0016187392	114301126740716349578252894953176797955
0.0016187392	8144114949201532507382289375479767262
0.003605668	148511838361064104411653673322648403910
0.003638702	303806832053566290572095716352649981643
0.004212818	298690743135077500802007851608046438995
