2.0479998E-8	80469667549811152211464277519865129190
2.0479998E-8	63941225635314107856416846113660707610
2.0479998E-8	292623430758087205940710960239499905826
2.0479998E-8	82665667243646434261532271705693709237
2.0479998E-8	316462902808717746476902193782473354280
2.0479998E-8	17850986460150501431458775287214244198
2.0479998E-8	104822499240210612678278095841816381678
2.0479998E-8	11680880450714857270776640251178660693
2.0479998E-8	107039697450113557819214267120328065372
2.0479998E-8	73582943509389365779100340266115996030
2.0479998E-8	80446494220966558321177510757229822588
2.0479998E-8	87924457900008182937630451608095708805
2.0479998E-8	248084286746033501888535773092596101362
2.0479998E-8	120042435585252462083972857167006126632
2.0479998E-8	274525346419412888262350110382654321076
2.0479998E-8	109512595733711649354144876915232954291
2.0479998E-8	119717696952293815732069821774394910975
2.0479998E-8	169440672869732137974375266884290725059
2.0479998E-8	221900770922417814241287732736890435730
2.0479998E-8	192779517875997309632547109995577245606
2.0479998E-8	266496741551392554746028073651385300355
2.0479998E-8	151585842087115123605240343008459012291
2.0479998E-8	252845963205607703821783485046743943369
2.0479998E-8	180969666217053800133205666675952184669
2.0479998E-8	6275734160709542496450214821704394232
4.0202234E-5	59936659444826947869724403595720774632
2.1344254E-4	175406214907678254733671071519520800888
2.3801855E-4	149874461333204057021603155566525236762
0.0016187802	220225005451084463942343379077957078502
