4.1943039E-16	280235741193847378768182761807543635986
4.1943039E-16	22631659384737685589582139213731201653
4.1943039E-16	86913765124581547221925351882685488744
4.1943039E-16	30212858968080788529425138860488382595
4.1943039E-16	114890183038555487909213409904170707229
4.1943039E-16	223298989353073294455240222552597284702
4.1943039E-16	57390739430391909474775647516855461280
4.1943039E-16	21730549810992039937211608749687515940
4.1943039E-16	175220240539670941889603909928656913734
8.1822416E-4	164025423890307914911433208822534109474
8.1822416E-4	288022161721041265548960565362042656066
8.1822416E-4	260161097598831328519267429477304714792
0.002947724	133131890036174073076698053594002226435
0.010642076	134661996234159808488375170070473187582
