0.0	155191900936557201364898468953473679658
0.0	236164623452944765293991214267424721986
0.0	240623084380163145707527005499733842551
0.0	3671719637918153880346145980613663904
0.0	59880751092836305688589653777990234943
0.0	78698820017469017821583043214522694635
0.0	218594466807557471842721502963335443150
0.0	221813501383019525338719374474051067471
0.0	128645859247652853896884040317132396937
0.0	296823334617463523477826113283757025432
0.0	304212837779145636579450768688232574035
0.0	35745614344347591493061828239500600126
0.0	18138956808850281543391361552046614816
0.0	186714974623742708454693759991423335027
0.0	19535246591714326337711411922360897492
0.0	111323423298924499851173943282015327225
0.0	275642161800365918912298318497478965953
0.0	101352965353513972921016801372268581599
0.0	267722155031291810544581748331360021901
0.0	30874283037022575636186165131442171000
0.0	323416360344547744680005898660354172211
0.0	308805899073053619121053958963270395854
0.0	68111357236996528500726437169674163411
0.0	102508362108722087785851563988998116622
0.0	211878760992109418806726382077038283046
0.0	4482426313867009741878877017601134604
0.0	70086796758126382852728283651035054756
0.0	263184058901076835652049276415241493721
0.0	230144232136733996133175724910894399058
0.0	182527990913509687450594349132958115985
0.0	200311597361456838429398779796546922658
0.0	142186689150418124636450770029420229746
0.0	175355506050776061234875474205157268665
0.0	75598319553911551131831927533194227048
0.0	153220329054749572624781338525075574158
0.0	185729606075417832270050105040473227376
1.6777215E-15	131392721919938732099420130598862332813
1.6777215E-15	193634657840458681405995007578464945582
0.0023509595	299514726029312141732487044917431348445
0.006611448	97668020538124808838065356267872887871
