8.3886077E-16	279943224303252358618716093816882941194
8.3886077E-16	230177819780877770650260996701940599235
8.3886077E-16	888128195553603977053760306273097261
8.3886077E-16	68592337301546214769410474491392476625
8.3886077E-16	43018367593395609130385411732537672572
7.5996167E-4	181312092986972429027203506196790279353
7.5996167E-4	190299476522864204715783677623158406286
9.415265E-4	288576853287768068927031762543337186533
9.415265E-4	292332523886715471815071557997251265288
9.415265E-4	114994583965504175341892099797637604299
0.0018229131	227876852544094031571428491870135989894
0.0018229131	5435181885374803069870833446933424138
0.0033550002	243508655458034237100533895956090640779
0.0057528345	284207700310595285051849664560473814989
0.006602359	57979370615741928609283005034325220088
0.013014134	104524212055442757665907965243560045101
