142186689150418124636450770029420229746	0.0#243508655458034237100533895956090640779 35745614344347591493061828239500600126 104524212055442757665907965243560045101 236164623452944765293991214267424721986 134661996234159808488375170070473187582
164025423890307914911433208822534109474	8.1822416E-4#
175220240539670941889603909928656913734	4.1943039E-16#
175355506050776061234875474205157268665	0.0#
17649598783482525745073710167618606107	0.0054667722#155346617108560808581184142629329729230 299514726029312141732487044917431348445 97668020538124808838065356267872887871 83875561487324217480639832016255887350 133772998861810280463554697803246893667
18138956808850281543391361552046614816	0.0#131392721919938732099420130598862332813 279943224303252358618716093816882941194 888128195553603977053760306273097261 230177819780877770650260996701940599235 102508362108722087785851563988998116622
186714974623742708454693759991423335027	0.0#
19535246591714326337711411922360897492	0.0#57979370615741928609283005034325220088 17649598783482525745073710167618606107 155346617108560808581184142629329729230 211878760992109418806726382077038283046 339649168605384199188881305141721852327
210909491863167089876356347582372476473	2.1094954E-4#
21730549810992039937211608749687515940	4.1943039E-16#
28861346692219066276763311893324806846	0.0031736947#82306156766194587629690350083967473394 260161097598831328519267429477304714792 104524212055442757665907965243560045101 164025423890307914911433208822534109474 288022161721041265548960565362042656066
299514726029312141732487044917431348445	0.0023509595#
30212858968080788529425138860488382595	4.1943039E-16#
30874283037022575636186165131442171000	0.0#
320237033252382067169682303302645524469	0.002519245#168673252469550579557899067836420932546 134661996234159808488375170070473187582 227109448702302113507903604759918416063 284207700310595285051849664560473814989 104524212055442757665907965243560045101
323416360344547744680005898660354172211	0.0#
326861527247931904809054435100915620667	4.6984045E-4#
57979370615741928609283005034325220088	0.006602359#168673252469550579557899067836420932546 5435181885374803069870833446933424138 227109448702302113507903604759918416063 227876852544094031571428491870135989894 134661996234159808488375170070473187582
83875561487324217480639832016255887350	0.0014094331#
