0.0	100091494040416663935057237862588084680
0.0	100104814460745585231211956058931906958
0.0	100386958497902375517599994145062824662
0.0	101155342309099023457763396483187216711
0.0	10148940753830201764960578107311941703
0.0	10168874450139130245265191986482299501
0.0	101698325806315379639151735279162153283
0.0	101766139619598510538550816881042056377
0.0	103071109722346685705295529441711403226
0.0	10319122896132708034400160757564564854
0.0	10360218150800413508994809208947377658
0.0	104215179132394786930842126650948483120
0.0	104831936177419303035274773126481123856
0.0	106438889245068159798706282863525396151
0.0	106526060101409293450144212544228203120
0.0	107303701714012296682343294018594367295
0.0	107405305764587868481762320816168160305
0.0	107581699214708806285044592095389280824
0.0	108495051966970710514400218673307141310
0.0	108938396897952522178332347212369617371
0.0	109141332336092307161705017715396353608
0.0	109181378682023258756778695803255416804
0.0	109909020470000192526071078037307496577
0.0	110485858044187440696516684096107864553
0.0	110824165306553589989314991731425226875
0.0	111000120156354759379269857878691545820
0.0	11117731057699028401701790895797708317
0.0	112178163301766709086325512151779940030
0.0	112189268181705087881550543725066487294
0.0	112296511160766470112242232824934644059
0.0	112435960761998944894505178654856575251
0.0	113054866165111327940636474092956819997
0.0	11357127808419573681123474225106741911
0.0	114027039165745117219809882105523291978
0.0	114438936468572140875076799587408758856
0.0	114768128320870881814595091522075367065
0.0	115279763747073760719773653541279654125
0.0	115320490188160438456734251302650630738
0.0	115778192795129944388509032123176215803
0.0	117101687181509123435095894485526738213
0.0	117636007245958483494359446250240797240
0.0	117786106148384321142707661928822051492
0.0	118087402105971864972699271544808238601
0.0	119136359351213455852503534996105991895
0.0	119176874569930057768727716220392163146
0.0	119669911364591216492011284267338792948
0.0	119859048756043327112473400716209196714
0.0	119860986208038731102748335426617432263
0.0	120374785976769317728673094568832818651
0.0	120618415008319522683928976141490770258
0.0	121169974560396204606159748884704507800
0.0	121645806325404267116805529213595631649
0.0	122375452220311692552445128508150038416
0.0	123682156988548743550673164936747550348
0.0	123901275374859078470938448335451979891
0.0	123980185792937310787111147071802491877
0.0	12439840198971695082178279349578814899
0.0	124453621586236115843189070294401446568
0.0	124539027847854703145682725519509787138
0.0	124569911244669451372778380142550295373
0.0	124755461235559484338789911268173943510
0.0	125271549674441691885239886712381937973
0.0	125611359703919512193427533082140377310
0.0	126294456530018525530300841927680886689
0.0	126662092726752021772659403282346216259
0.0	126978704081246472668485988815255725145
0.0	127220146813148505841960298360920479497
0.0	127515294128987022479632720667476972996
0.0	12825912909627263437587998089377067966
0.0	129235486445146975540282986602697278056
0.0	129465001822904914444911400539797308830
0.0	129777260012858831031299625343093094301
0.0	130232027840939362914346083514596120969
0.0	130410386393558279470811367857721725056
0.0	130853914291774001901581570170379591855
0.0	131288940559828542111550746248527082622
0.0	131326813065854228338944775823069527572
0.0	131489161104405383215232049392489555680
0.0	132245443673002607596631102428821378842
0.0	132722440075349855947161238635114232802
0.0	132776495224729843957720611484986824077
0.0	133306375882085788362465403198761348032
0.0	133779514190188167452068738079734110373
0.0	133832037834640190655640880806440486432
0.0	134249111643366593328055680337277878559
0.0	134435744855646355952850680405797401519
0.0	134567993833297934526922859992729401427
0.0	134802975091864007588066896771215835169
0.0	136731532154395050781837511267275758704
0.0	137185823779107760775233234702220657208
0.0	139546157662912369756492588450718544603
0.0	139654265464202927725143336722979172695
0.0	140564574487429310261815530780405305263
0.0	140635859426134470530810084145295393390
0.0	140940990539699666231072656856348345616
0.0	141065561658516677599947652607253940763
0.0	141387931361967500251266743329618182087
0.0	142021431541244396617083244967090195870
0.0	142945018854862547259726806406413038880
0.0	143046382235429030278676960552526022981
0.0	143199052716447710750888642268092007606
0.0	143457953289753431099337413106690233823
0.0	144066519922434094599994408074905142206
0.0	144147613721886967622781496188328993429
0.0	144360701411277973616160451078339468737
0.0	1444138294192300134544450487349459744
0.0	145148593682751227659459078313499688217
0.0	145644986220141632467943583218552902860
0.0	146585083062609027889052947557225704606
0.0	146998321464631609528120700977134191761
0.0	148003262758187478705086881047504580187
0.0	148126868816761418158364424559019143329
0.0	148350438257584682556536080298022366449
0.0	148365421813762661271226678996635303723
0.0	149489171834534261481539058031116386391
0.0	149518144383781920424238228895852360703
0.0	150750614083292463779514312469170503147
0.0	150900386516434186709948620286410886412
0.0	151039601203681108661519257085362561661
0.0	151100567822895373196225245219257351049
0.0	151918721892297512606067247915566022116
0.0	152448384180073577544212076174298541418
0.0	152658533362558179034507208923483885827
0.0	153852765250835886630117735558367161084
0.0	153874502847614480674622359575870819388
0.0	154030520764165603907057543419599722034
0.0	15473447368257641452735900684596967822
0.0	155408808649743360499737328689020701802
0.0	155604971019897167220341295096527031862
0.0	157158589418071413026330436236681810115
0.0	157260946417166045686893577782113124594
0.0	157518213213353771603379362877567645961
0.0	157866138029516173464507429858722969607
0.0	157923600072653001580400418009144747720
0.0	159682953393656629767136960654256347309
0.0	159703604837589910136209676890517091612
0.0	159901073802886480504595805045094452493
0.0	159948468659453510858022854636218342293
0.0	160593922349274245578243274232924668130
0.0	161832211908315165204970076394074634802
0.0	161957521141853376224829712340250455670
0.0	163611691569092368127821630741061698327
0.0	163655490317320682257759171686127406813
0.0	163786944297909928701498366205793257058
0.0	163881635473634993887815681574865001069
0.0	164255597301926520971795174413797898158
0.0	164993046176927889618806466782368084451
0.0	165054259022734528873375883945620324896
0.0	165317077764519104918241511449952492996
0.0	166077569960064307105593434998313510275
0.0	166262476531136025515690769142901349804
0.0	166335878613879962739443442356612593396
0.0	166609368646940565447588468818183303012
0.0	166806543696108545769080538278951931393
0.0	167510884846052769560906790274724564941
0.0	167514103735378783868836466534947995581
0.0	167589815323402224497594104106641416754
0.0	167787019122824641709271222239895838814
0.0	169009455096675555411107933007607568607
0.0	169992081262682479435189361153937529653
0.0	170751388721626141385158228573206046611
0.0	170959022529607073271713154399883861195
0.0	172014891289754929411067114408017222921
0.0	172174695529105130245108891318008918621
0.0	173019852984967939850839532180390856954
0.0	17307312050995821276613337368966281296
0.0	174412081834089588877235820108375026582
0.0	174431685317370260878109516571571787863
0.0	174981110814447859697392188707683906043
0.0	175011015726197014924020331212191153033
0.0	17514016906112702813889816256090300212
0.0	175737985478403595550748966711098246132
0.0	176164842728044982424827514617812082857
0.0	176420697976597003711046894871316970452
0.0	17787331430705963456771332543578522268
0.0	178568440016694569129742307894760651652
0.0	178651276355216194826471778339219579810
0.0	178965268875543291100485029186345307072
0.0	18006574371051028071493043544398356550
0.0	180607298426806311049953893623420590300
0.0	180845028970659730206129172153107842689
0.0	180948616611448054793048764108764130721
0.0	181085377950487257231982077442668193375
0.0	1814856071422752731734608766203086336
0.0	181893550172112824387173613011416710079
0.0	182090975327830114446517525879885385720
0.0	182660069952348922946309971448884911236
0.0	183511116931295830350822459903350270333
0.0	18401172720364074408913317540556872579
0.0	185081002190082772328465718460759054214
0.0	185160030367469559769385277229115927956
0.0	185729240473653951042663009673655427770
0.0	186750769207637664778408654978800780148
0.0	187068146281966215873504481283065213992
0.0	187267735733428092394612026132380089353
0.0	187761483688044272014038918173073982109
0.0	188275037395885823947420702423042825057
0.0	188941139326802134304804514791175301038
0.0	190117254533628700269628246443004775854
0.0	190575554758618750466525139715750781981
0.0	191087094239383017694090386990357783918
0.0	191342786868447993485407076987151600451
0.0	191395454771022577131146827446913475739
0.0	191417912699687788182849076069432579799
0.0	193114741835148714857603500318795434468
0.0	193873907754628593631742700734149529601
0.0	193903964956398672802909481975554434794
0.0	194221702577723228169667863237428460901
0.0	194342360729127002842875026036166398672
0.0	194464157006511863363044019466219045246
0.0	195174878492283053344925904673186269643
0.0	19529547473290358435760821547232186857
0.0	195956636950155633008134369128195894622
0.0	196035435644346382239891048027353409949
0.0	196277491111688747928007347573624250320
0.0	196281015801163187205237833667115067180
0.0	196746113626144818628819672717030756729
0.0	197053847843175297220815286829356545779
0.0	1972935099271636337892223344210555005
0.0	197938583273645592481157298863581831532
0.0	198261380178109302790691880110179555466
0.0	198617217593367520825692431643465351107
0.0	198708747104728413084582066597380211621
0.0	199222145128905337081324124710359956770
0.0	19928862026350886030390414806709296656
0.0	199582685523712194721646283937875604578
0.0	199777918445774220244523304012388334855
0.0	200123785415024271193581191514762534088
0.0	20012723972554106241183693623157089672
0.0	200698795122433528430958243075070124398
0.0	201128819162656682089044830575433623895
0.0	201316764839397082431198219047893323577
0.0	201657894674200982764694961532686765663
0.0	201932149300225624726335426860413194891
0.0	202277704670717470760993902096654882523
0.0	202468649311692074995337155429578545614
0.0	203278629162866036151063589013690069812
0.0	204006505785564229986162865654651485266
0.0	204092088061817950957766322477580604870
0.0	204577971818691618262285304273183952989
0.0	204587929431728657973029330969416892526
0.0	204755874632218531501433515526661452479
0.0	20492032309917981497626955431009942904
0.0	205237317876491136299493449330695406919
0.0	206159037501395962844109751697223113200
0.0	206722534884283739190209957381842787643
0.0	207150234092712881425339793729393516193
0.0	20808301291665560501501450248954657805
0.0	20883352661684924308969961469148287815
0.0	209967875058244691571297644453422457433
0.0	210004598137034872524751071532161332540
0.0	210172866387858730944801283247219232981
0.0	211225618647143651426597328186381705367
0.0	211325144763102254899290493898728071080
0.0	211518854429749589652065238867876544211
0.0	211573749646732793391680446947578981451
0.0	211864568681657331269997910811628335746
0.0	212479749850739455598083391891732284560
0.0	212696026751741785425356065853573036460
0.0	214090421077495664150564169705902071417
0.0	214264878014727548710125474865328710893
0.0	214481637958673464621156972279884064422
0.0	21491543413274066320342725955844861463
0.0	215842539402686182024400256584964813433
0.0	216015214917705385259027243809908109213
0.0	216029825206838768544137548589539246360
0.0	216447409280972698690390348918908338946
0.0	217005471709527602956768798737124239170
0.0	217366736628542858224177716245632703549
0.0	21766214071860098894365153343929717398
0.0	218156893064892681794690770622997758316
0.0	218270384072050976732837734318678136094
0.0	218633230433738301130887978816290516687
0.0	219791901416970225609413866660192639205
0.0	220854412085986767416841241479255679790
0.0	221531563851456040601276077165529529089
0.0	221821251048536301556958076235494018473
0.0	223162452926442822663802375729223826210
0.0	223707865283227841832709180248830315946
0.0	223868386788710533857184379132413354979
0.0	224511042314076777315616194215030163125
0.0	224655408241855476899865338937419003724
0.0	225966502623566620587889748573646446323
0.0	226459793527890108376230248114443136359
0.0	226479845950720145357543489418772182544
0.0	227562959820448170958038846342448059453
0.0	227696664109935194883704089467381723244
0.0	228635509284719887173873089177598914962
0.0	228738186602331412584439616654046710846
0.0	229357718290038136302911920120915324256
0.0	229379975052186673345343021571432625722
0.0	229525102923836734676467040410178731026
0.0	229626265669720143793931884237957062468
0.0	230211704609983736955191045959821664132
0.0	230711843959095204157983386500061178310
0.0	231114909416322603258982276594347369208
0.0	231347557842475722881803463553882298073
0.0	232605736845560495327919230607463584523
0.0	23288785117300119977841416249496393347
0.0	234112058255146583425442018185023682629
0.0	234149890508608554401382544568445995272
0.0	234214733761946091005534434133737084289
0.0	235446912309773666998832761928999650081
0.0	235766636254681444131629007561522031293
0.0	236155130553006015462223869461575639415
0.0	23628581743483740085091836725288647662
0.0	236286007355323153078709477889408774694
0.0	236405856484225393679312665883828877975
0.0	236870071572187597962712245800252961884
0.0	237318437380639964249114217036744315487
0.0	238706134939981955043337073994180662470
0.0	238706853608781605526589384373765583135
0.0	23886236085692092749829892603566019023
0.0	241126851708186466855957496825566825582
0.0	241171590331347457290500487629829338248
0.0	242683843119238174182830930207374091100
0.0	243084297874786042121419107406689939600
0.0	2432423913128098754851639629683025937
0.0	243420511158786994089677524037396089815
0.0	243596094153038363784576239416496261405
0.0	243601637573067180481760097920390785638
0.0	243756249860058960636387740477554511469
0.0	244082670584127855549042364059982612834
0.0	244982839912724636466904545648598283851
0.0	245319562461463944961253238241412625303
0.0	246349167755749416649994464404566136309
0.0	247370863526137144974393095235578406526
0.0	247474530130024336606000171869914924708
0.0	247677326709162141026859265632340080058
0.0	248924416087890846467163946056914623650
0.0	249460088201913572420844435208534656493
0.0	250645326908897360198543496570936576494
0.0	25142062070627633972110115570682023714
0.0	36799327235429976975099865563035675993
0.0	37243378273862564826444739492399847880
0.0	252433296738753825490015638163624325875
0.0	252622262946975471510573005203958990950
0.0	252887159163114061562639706764604343072
0.0	98795047368485948706539790961786723856
0.0	253057329441136987191080705403783535614
0.0	98785897548267790366131002195149072013
0.0	253200874106522511233675168697625433312
0.0	253686297689398820033190586991769779846
0.0	253806679067618651434861435324408458460
0.0	254241599455436528296375474470014416791
0.0	254259485528782111138204765705594308357
0.0	98522594040455149612755710228055564039
0.0	9815248961956525915755382379573177248
0.0	98005006653763919463872116035534731148
0.0	254891424547045167525363973570429120102
0.0	97718519414387778574298164502542179404
0.0	97452111040691025819770706416253463795
0.0	255868006848384875316744153059252650813
0.0	256235885161986504998003703891641543475
0.0	9743913949319617372949665705334403665
0.0	257040289349574078614664298836050574748
0.0	97155076822236404622966688446467859017
0.0	257241199191765762632860411870120657222
0.0	97128832758432281281494410956563295636
0.0	96612046478955483042238678574516664088
0.0	95449670015008658206313446657623078699
0.0	95361500082757820779347296113136060629
0.0	258176606573961576371931050277215730216
0.0	258224875666735792201442174375650886164
0.0	95323639657981432560437169790055635745
0.0	258663083896289964667494567018462133370
0.0	92150020811575476568929000405816438512
0.0	259528517362938342045872795085069186841
0.0	259571959221337745035781592770057057389
0.0	91840418905593167808340300138776939326
0.0	91597894598756424142105331497996451481
0.0	91486105076161328598833599043657784354
0.0	91270410108653944248995452721638857071
0.0	260682768061986507096409550572186730752
0.0	90438258817596782322581525409170300697
0.0	90130873740079254558464338890593015062
0.0	89912361445264126825522874842200554609
0.0	26216718327562121767948086157192852315
0.0	26219074834761412185585892083954272730
0.0	262347468142395928794201350067329995445
0.0	262433558085549260265002796329378027151
0.0	262700947356676480722919089091638784480
0.0	263222424705039280816488083453409610442
0.0	89862040641499739583098962734790280412
0.0	26384545356406256499508183619357005445
0.0	89428626876922391736643081412940471355
0.0	88797801229629311984037301552274232601
0.0	88218051943034088505079641017190331389
0.0	264310163331547111970682611246784385283
0.0	88178239592512497735807918836702160344
0.0	88163164486921985280729726715651627202
0.0	264610719605252106840731745539394510999
0.0	264891306289849237029064319718741017278
0.0	265635519379541681805753582541437256228
0.0	265760786959688788999667694080658128610
0.0	266227230907055101259698142598490646910
0.0	266281110113774288602344934369360794990
0.0	266414622095276697463594124741589816411
0.0	26665015424899994318970184090407201661
0.0	8720270943878532581999562809834403873
0.0	26672064337189823004402385064073377549
0.0	87183177711946589877250321566899100053
0.0	87006967855935808197794019636675547242
0.0	86852378090240261058829058361175280548
0.0	266908862609995827029335796979146657701
0.0	267242688146802141355805713938286812549
0.0	267262149208005869586197497625392867339
0.0	267389070709316539876483148092780482513
0.0	86609929767088445210345888569314582591
0.0	85709961121092795185072456347237043867
0.0	267495509992401662190571661244216248533
0.0	85344610098904752098395215454765675909
0.0	267742648627710076510004923813439383474
0.0	268336307813961175233864960870029864598
0.0	85188517941400026780805283408483242506
0.0	85060344649477543257440976522770329725
0.0	85050380621127643977282005469308921665
0.0	84916606208507247657313377395963604435
0.0	269404623608824028758974084653421300396
0.0	269765414062428301036077920263070222944
0.0	270621993393938770588250591812468439553
0.0	84045234160908319109202860606482089284
0.0	83902280585435620856404190706128330440
0.0	271917590365072745454285668706429260729
0.0	82643464579151037941364657762180176189
0.0	82223968693847358784641963476242618054
0.0	822132631194488640169590168484214486
0.0	82020888655203869802480341185936050668
0.0	273095251799834380228025686129635887946
0.0	81526703935917914881923287590258869198
0.0	273950174879484556956706547965836341095
0.0	274002958698288420561643668581178831445
0.0	79211482727953820206009516829118715878
0.0	27422856858892606234634762179519208589
0.0	274924694804589830339031007244470451379
0.0	274999494380077046387825000544895641919
0.0	275743095375907876898572249435904575239
0.0	275828660651022227207934922055038621150
0.0	276140435804531128830792922756530949329
0.0	791748818720304333167735462272434643
0.0	78747290905307365779143351075131948198
0.0	276490320366814535122073203737638877168
0.0	277206567536637972698601573400096099691
0.0	78143502450750798355264497306501612269
0.0	278243963157794921737456091558438910551
0.0	77552325501999602784316716491017750531
0.0	278368464446556017820529421644989287601
0.0	278631938412723910764640699267337111796
0.0	278775465806960981864459414938256842350
0.0	27958883875738568049331166124201159342
0.0	77183419648961089391396971817159252997
0.0	280148718988528594659563223735297252161
0.0	2805469862786376798065562428221719193
0.0	77139134613011749151349238646035009737
0.0	280812025003046425103523926419522508981
0.0	76812929003317407674365153419168467437
0.0	281054109895656823819102530025139200494
0.0	281157744990407251793798920366326803674
0.0	76118667316616906278743479218397731780
0.0	75860169560391782780198088302228530132
0.0	75630582873166975397758674224909803524
0.0	283135967434473553326014216616179183062
0.0	28345136364933850089566668395365331807
0.0	75158254874234263555064933169689530464
0.0	283496620692447214380442906790376749353
0.0	283627745954457737237310947425514387928
0.0	283711981536717174787163453570507204360
0.0	284274280002703596996511494098409712620
0.0	74537200831604516258996214951314831652
0.0	284723924846833326106484327671166677646
0.0	74299033686135660894776345475118287600
0.0	74230630673198989928631962194593416584
0.0	74017891810632116276623318894462897563
0.0	72949154797847545727834336098516480298
0.0	285441384815246555485255131534818600538
0.0	28552131942376555190491577252400916735
0.0	72152300462231256466344770950229615689
0.0	286078007548227115525269128075009897898
0.0	71863582641928603140922028639792130444
0.0	71378364055159061822257361264198199420
0.0	286238926100688982867957511056213321544
0.0	286273464132351841690662945683067122880
0.0	286830164119790435410455891794296964404
0.0	71141235910588949557769314802041866003
0.0	288349078820023014471419523089413633198
0.0	288470501761049516142903474699687622246
0.0	288481306974136849067156556238951379992
0.0	288579276869396884490477187318172459648
0.0	288829357811220692223588782926852869122
0.0	7024009110684364163508848818060490808
0.0	7023416194762632377412720234296308147
0.0	290417218933488688805250533228068412493
0.0	69591521679596460485047352862048217618
0.0	6947485677560689449244294721865832204
0.0	6787913316861345787390956387704381872
0.0	291492062856758829199054731868218128489
0.0	67827529511450230155313185639066918797
0.0	29284218884128823254201676032999555661
0.0	292962779791859245143905725771430827470
0.0	66854553616859800609469385207117293918
0.0	6665349767382913334915365978787479225
0.0	293426024629408995337009034756753103587
0.0	294318067066706160849533956153895702452
0.0	66393048855442924921264449607138453122
0.0	294404155133923882671743299871817225963
0.0	294588294736333933013114664926385701796
0.0	295015721900845991650258855283469715238
0.0	29506313874612885082987919678829609222
0.0	65740729395418654946570748770581359993
0.0	295245102562518401462017412798657785140
0.0	65658299683644780672209127506309057929
0.0	295905484407600379502685065284868389444
0.0	64755001229583484458825139460636712182
0.0	6396402286200770083959267377257714925
0.0	296217321724042619264704437727452428531
0.0	637114970816755370956392831531675520
0.0	29690808837293560423406407084960405076
0.0	297374785399763103585091698464920065308
0.0	297419361225136218491905848745160582013
0.0	297420963136676943195245146368000646841
0.0	297434906996176143366634849758284824817
0.0	6250271097685213739868658163839865848
0.0	298581435612546614900215212111219865104
0.0	298904983363966861565707535675512979251
0.0	61639578105455915893271811994577347077
0.0	61181589428625099233979634315702068746
0.0	29941166707243568484996754957477176002
0.0	60824000784321562747715800116027112296
0.0	60790608881825937255170583060998014729
0.0	300600286665505022108798120655229035763
0.0	59725579575789508676997268933236320333
0.0	5961635147850382740037678638588021812
0.0	59407889928129398161494324153827042798
0.0	59269441443004723340504683642983052043
0.0	59259565895091773748363920240649884032
0.0	58709417590811405773583291739441715347
0.0	303695015033373195124561810594562310659
0.0	58704798419903351067089812454093194677
0.0	58641614699391282827211482706296963111
0.0	304538523614684763645326983390100554123
0.0	305055887780472398162373190880051357862
0.0	58496930159187676550020406168482011172
0.0	58421091485633086342555266986502467635
0.0	99448437978859023238923608075184129481
0.0	305890300841971300595298269266553793479
0.0	57208211951576927473865748811801805291
0.0	306093466029202799151750035883646249756
0.0	306902181378633604445661881528048337626
0.0	307396199602614800045754147516291060443
0.0	307447933574373724191977602271827377101
0.0	57190969607746748001831974727262451895
0.0	308081254073477117623092382089644411014
0.0	56978612362764996795497546467260441629
0.0	55592714903392167844763837449122704099
0.0	54875871697186122711514728823750024574
0.0	54358855788856873116341920591844241508
0.0	309945767487699682317963560392468569703
0.0	310333554929793515398206690132226740769
0.0	310362873144015747410130226860489527992
0.0	310406302257275667051687285259711870647
0.0	310509249514774452558014448740297346318
0.0	54264843816182171564219739148158043285
0.0	311119225811661495696029374682681132922
0.0	311147285433798183409351376420083515586
0.0	53962753219086932951668688155322451882
0.0	53753776252699984753163371467592013140
0.0	53749052749580489125791791896076309708
0.0	53601822895735731016373197427241307859
0.0	311628007407088020479093448693625464059
0.0	53384614025227454418499022852008776966
0.0	53333315599016815788003271131651748538
0.0	312520431329179805996431257374952591821
0.0	312812134850621030075163406608752803328
0.0	52947893213404520445459661525667852872
0.0	313194739491190771437506098396173936338
0.0	52756251097512406143265226132316392015
0.0	52094553991153909078738775970064972508
0.0	5172085835453035087010520322866036757
0.0	314131422936936846198641726501316091891
0.0	314756419983350300851209650999000205204
0.0	315148726705214904810666771254462955294
0.0	50601416135921929721729247597828697747
0.0	50220396186149184612316852761519062318
0.0	316896317586410461877637105447559558612
0.0	317141298500031437123557978069661807854
0.0	317322452162442035993836611926286994940
0.0	317819456310457891525370051805120752091
0.0	49991430073010241531874225131740977398
0.0	318140890803294366772501394666617926433
0.0	319209338024682405239818411632331966699
0.0	49905114512301314440106996114460688261
0.0	49656604089735317723048369504923390318
0.0	320579673141759171051541730579131240563
0.0	320805267814770424396381678363200531906
0.0	320928009146792272634356661845051987505
0.0	321685799059675915289286190778872363335
0.0	321966172402917157446820478741520083793
0.0	322450448074712120580424515309792117737
0.0	48160741792489412484669297476700736980
0.0	323015856038118564434694717923312395727
0.0	323649467042195149539977413834974049536
0.0	324306232354516217219814292716611951204
0.0	32448433267272230388219912151162059796
0.0	325088826778269132188568239921057678935
0.0	325173276409179636486644578323130654699
0.0	325492271056143557982240110508293976404
0.0	325551465476478745217120496075343635257
0.0	325721180742450299433481639570458206715
0.0	47336162581662727539812501448731993432
0.0	32642398602684022200455961197872455369
0.0	326498156094179407313719634162604517315
0.0	326733570214136746005183239776497709794
0.0	326778678863558985598569613644513680776
0.0	4732385475960664884021423149856678842
0.0	327270807502581547542119541089927057366
0.0	47215988329247811786780476270648420809
0.0	327658565377581386054786832653365318830
0.0	327853192196880886425303038282716087990
0.0	47155284514396866639288726867554676395
0.0	46707388966133553612822224621149802453
0.0	46594602350023807652904750631933548170
0.0	328461805954871948132853721150718876113
0.0	328472046095789942244589353117781695759
0.0	46366963470936047536085217718285807145
0.0	44903403349722751247156871680392378975
0.0	44108184101026407154493490072284596209
0.0	329412344354707289468041222135415491496
0.0	329514159642796413289469468562482958338
0.0	32992005369414821559907704237129146938
0.0	330165572100189416033537075912221664757
0.0	43385684026804673266102801161996669956
0.0	330256653198365024759467127108762582553
0.0	330595978235795171296514334369638548173
0.0	43059655406293288390054435720769996275
0.0	331791460663330654823644327670885360736
0.0	42188643470775289265098562464962849675
0.0	251813561025223651757780388801584966370
0.0	333314932586295354289520394842689795022
0.0	333508036736486930532944071366487268796
0.0	42111341419716631000430378291212668881
0.0	42084049481446748089027900829543966104
0.0	33440143659931607907821278315962500418
0.0	40711791996792178543005192728170043348
0.0	334543463422606297468637123290987453087
0.0	335753486104363546355258936060134145408
0.0	40363530771271479597272379067355322250
0.0	39938239410437497581543003619305955837
0.0	336994395679436394575317174469133363141
0.0	33709755248290395139972338376884020080
0.0	39294941347027714081219901649027163248
0.0	337443428240539093088586890004273934783
0.0	38975171992375870261549867805134841698
0.0	38973757367469360455444307207678178949
0.0	338011188256967499822890769027519106679
0.0	338440553393794166009440386735515237084
0.0	338596685268861018175176417152734626341
0.0	338709938303293115883492975135761152484
0.0	38714125718871173819171444214823818289
0.0	339423446693748448064500732208259357525
0.0	38610367574135849704079598134278430870
0.0	339792013486778754324445900759729938408
0.0	38442884699705425689979801672735724937
0.0	35131958884688420607747727386192861682
0.0	35208634949188489750434082835364961392
0.0	35324943753210272510974086341092699841
0.0	3818195524442394176232587995233729398
0.0	38105735415667864880313117056631769996
0.0	35412799061522956987939883840049564364
0.0	35415311967987007547493582356713072425
0.0	37851229689734086559420499914544854400
0.0	35930894550537761840481669226726034231
0.0	36258203032401108937227082220143123807
0.0	36325170373664883712833614023391433446
0.0	37595325507378965165773130005884255841
0.0	36663043839171834391743248567475720807
1.3743895E-26	98937185561978079459482218053265303043
1.3743895E-26	51342388923533316087202508129906416907
1.3743895E-26	284719851931658564764813812810492637082
1.3743895E-26	61061509773560296549127988509020204101
1.3743895E-26	306208238523143405561205202798291623947
1.3743895E-26	275618801776393294661361405274637676548
1.3743895E-26	324797022094703200415067601271888198827
1.3743895E-26	65889047539577773819162210118543238206
1.3743895E-26	332432056387570096804328965819651806140
1.3743895E-26	49450034838584590749072231500596589863
1.3743895E-26	285744849860025721978108914885476784756
1.3743895E-26	276691997588870199359778880362283330008
1.3743895E-26	332848914341590321772893124422282038432
1.3743895E-26	6554984456563444621310461374890248205
1.3743895E-26	256446954723841636760676341851963745118
1.3743895E-26	97307014248294707745853762850001265547
1.3743895E-26	65488086675935445401848797325275441193
1.3743895E-26	267093596958272274305957584109796041054
1.3743895E-26	257472291397533050852735757548559695550
1.3743895E-26	96986947405959940051473053808920696988
1.3743895E-26	267287940771479999939515185898594342724
1.3743895E-26	287721965217585161441143669939341161529
1.3743895E-26	41457311285897792464114195840508097585
1.3743895E-26	4792706302046726222960881736122117416
1.3743895E-26	94317750389686141648224257531781541362
1.3743895E-26	58653172603566117405849054061558305099
1.3743895E-26	93845877993249787545411508449477817191
1.3743895E-26	93163636655492185344438311217608314085
1.3743895E-26	259151701102254669529073267058077722221
1.3743895E-26	259242729308284898327158749056298972503
1.3743895E-26	259382739539730749315267252347333249170
1.3743895E-26	92529771988193170554201431412979270645
1.3743895E-26	268059704352664874458168402216078643911
1.3743895E-26	37950519499357910353798098888278881787
1.3743895E-26	268565818968773550299041364401485212080
1.3743895E-26	280987814823315258470350152396074521042
1.3743895E-26	38750681155198863654423716569056142672
1.3743895E-26	334502150487487806357973337995239569281
1.3743895E-26	329599603108734278334148246333059199223
1.3743895E-26	91106845604802291866583785012053620685
1.3743895E-26	281732087925253300885324600292861215365
1.3743895E-26	290470118573576527831061423192100041954
1.3743895E-26	297570281996966127157685976231496275549
1.3743895E-26	75523267664087879139363872826585119081
1.3743895E-26	63693623388080060014771199926805265987
1.3743895E-26	262249437762715069479435535480051060777
1.3743895E-26	62713390742272930434272950186583754822
1.3743895E-26	305498891195633166816602380480565093549
1.3743895E-26	320623492523177418308141946212497002190
1.3743895E-26	61674933482082755818337868491439943467
1.3743895E-26	252302662824471953669829470639062401878
1.3743895E-26	252383775401064529785178698946583976446
1.3743895E-26	283974972852838868616907298633617976882
1.3743895E-26	74816702047809600314166852358893648366
1.3743895E-26	222336008307504967756526728755331420116
1.3743895E-26	120602418271780897929547382787455472377
1.3743895E-26	19322256942051372269790389695806886445
1.3743895E-26	120346962812241728467725830294320481151
1.3743895E-26	181641035213215081284494798017627641308
1.3743895E-26	171133593252628295596766071408615579913
1.3743895E-26	180717210053121655035744517145905633842
1.3743895E-26	244847812813268286533175002363465082832
1.3743895E-26	119490452748626268898184093531629908560
1.3743895E-26	198945728335737647544617900492322410433
1.3743895E-26	24830678771676407698796958313188774622
1.3743895E-26	119827365515155217769636073624848369324
1.3743895E-26	11213369062616787772162732519710728040
1.3743895E-26	171578987908257422898758074288624687823
1.3743895E-26	217773264605019090677936478371298890006
1.3743895E-26	214081982618080312543018689894936620289
1.3743895E-26	131601999951882111799498816939012675154
1.3743895E-26	218283437144131328317082295154756713482
1.3743895E-26	184730033442649833506157061870228891452
1.3743895E-26	234764616561767221281368763095897678377
1.3743895E-26	159211250830612146645619120356348460945
1.3743895E-26	153047230633135380764526642764689280072
1.3743895E-26	14551104211934058326126297219883236748
1.3743895E-26	204957196011658600095910431271266245488
1.3743895E-26	227111154707007549791147671681805914079
1.3743895E-26	118237428038526119387931510171031393714
1.3743895E-26	174798014826087001109402970076314476225
1.3743895E-26	16977202360526930553419230011542604217
1.3743895E-26	16920268648653074292722750206284752700
1.3743895E-26	225059036474922192239825946342222801792
1.3743895E-26	127249724897478615720888027075625138912
1.3743895E-26	23405446666955137713539023989002667566
1.3743895E-26	19896200399848534251148632031714892917
1.3743895E-26	124859441080509912063662332625764656907
1.3743895E-26	208477673914101590792823026484190119295
1.3743895E-26	220599838960122958572578257762401799667
1.3743895E-26	114177634878943214885070864765404285387
1.3743895E-26	176454884215181985090844963688452828312
1.3743895E-26	106467124460109866925085424762333953361
1.3743895E-26	146629138567055993233325949428793766807
1.3743895E-26	177158255316932828847567181900627972177
1.3743895E-26	177235844516395237201210236864454896251
1.3743895E-26	245936186975880467856487621184559854673
1.3743895E-26	177863764761830399659063575719351914942
1.3743895E-26	124110556564131503994710221743079637326
1.3743895E-26	181834637543208778424710138222870487966
1.3743895E-26	223466075245694535756014787795538624223
1.3743895E-26	135975887420128367637483255587261025927
1.3743895E-26	123140448791683636511599143765578386733
1.3743895E-26	121921936999615245777750246260251550136
1.3743895E-26	106430375671528733752657382962103359417
1.3743895E-26	210806393881375387316460850155702158193
1.3743895E-26	118322356771144777332342757732843793528
2.748779E-26	102433906110463657331397577460361730049
2.748779E-26	118171249109744529510960692268475562110
2.748779E-26	149553462570695970626469911907336755070
2.748779E-26	138905553411732662928581519768173760189
2.748779E-26	206547569696610074153617921648436562788
2.748779E-26	142777333660180588800765617213094260942
2.748779E-26	214227119721764703203540916852374630274
2.748779E-26	197238192089316451235935259157698408313
2.748779E-26	224920932309116756632611280739755882333
2.748779E-26	239938647157056942507940067669966469024
2.748779E-26	105991900530603080721578030961178554534
2.748779E-26	180631236830463689805868117030690924089
2.748779E-26	163157784307976158982547457583806700509
2.748779E-26	101708949463828012886639418343203897400
2.748779E-26	230341373002559335379568290815664316674
2.748779E-26	301543306097112511681279623520031406990
2.748779E-26	51215106785214331140644772057781531176
2.748779E-26	39973340393071191277061410081644097755
2.748779E-26	260907912469185546753718338665745404926
2.748779E-26	310785703263243300259382535558461780551
2.748779E-26	271422585636774255076787933895038052574
2.748779E-26	287528639354819936239758591096445558638
2.748779E-26	45142260712980766194399148674678492110
2.748779E-26	322158256461752680291062953086773382864
2.748779E-26	48892117250805672711781478645323542427
2.748779E-26	58810157028892697732178883351379776184
2.748779E-26	255280252666028007774822275747959271369
4.1231676E-26	311109874807180587440981028548942248254
4.1231676E-26	246999727129784288801565880950443544144
4.1231676E-26	221164272451704998254712582512671295986
4.1231676E-26	206002930198465504637705251319735512236
4.1231686E-26	133706470203129722454890247357968342719
4.1231686E-26	99672394231935007355213885445322813872
4.1231686E-26	305592946908923458106816572400783261258
4.1231686E-26	77252666231586858199352179696635942268
4.123169E-26	303658122032623818033587784438458771327
4.123169E-26	194363375547542504278125482357581313383
4.123169E-26	158988610135721754735544128942066143556
4.123169E-26	206245629516386798385157880417661883178
4.123169E-26	216610057994866919986882443587365460472
5.497558E-26	219778066938364720249498415075674447813
5.497558E-26	197338090391823745088788968548502121029
5.497558E-26	129686513449706494504806906614854225349
5.497558E-26	174880768108554024212700661872967755100
5.497558E-26	123598423878310268013443718841679922367
5.497558E-26	161262726440654694474744832439312525647
5.497558E-26	150016628603125493188562099221056237789
5.497558E-26	206325758007981694555758733667694072155
5.497558E-26	188300487680262350319162230747565051293
5.497558E-26	25789775770288576375218033720716054080
5.497558E-26	266684133977745417775723391408289122416
5.497558E-26	327589922550915745862382136046516720075
5.497558E-26	259650568768850733725800972523005911444
5.497558E-26	93079911957777316211327954814410396830
5.497558E-26	293424981125188213428887667331313880139
5.497558E-26	336304488196729041882655360783810355989
5.497558E-26	312848959585944343729559851216279192765
6.871947E-26	334355692478423953548743020917560380839
6.871947E-26	79615184574486296677911851031911038381
6.871947E-26	217567122762268266175139221449343657135
6.871947E-26	222275189319709001558975797976595268240
6.871947E-26	147446280414526622704491143082501921219
6.871947E-26	189442247501195041328552484873507522411
6.871947E-26	244822909851628016830737479791662675613
6.871947E-26	102375388445416249164158266809753704026
2.61134E-25	134409876727261724476478082572530314119
2.61134E-25	26751685610578450614736955939223632656
2.6113401E-25	229901024565147618110698686803035526158
2.7487792E-25	75848478160215886341330894882862174140
2.8862177E-25	88960064016464075073204811650534633697
2.8862177E-25	134553584869965343718225236107593833324
3.0236565E-25	272496827425169888514167691039243301648
3.2985346E-25	74876126461050445901916903442067575015
4.947802E-25	109281711534141744224685876605670961492
5.085241E-25	166740132595393724599007866757249786604
5.085241E-25	198212111904620085060652865216111586382
5.085241E-25	211755656033325517438002289334198413221
5.085241E-25	35565269141050407662609217766805623804
5.085241E-25	296048188314845633386918630501556130751
5.22268E-25	278353660944825532035857874062513991980
5.22268E-25	40602576640870684682044530307794491699
5.2226802E-25	207394461238995187817257297503932401215
5.3601186E-25	227889903926694618128463611203226457971
5.360119E-25	89609824741239822744880665495766817472
5.6349976E-25	225671992739282931529650585277338418550
1.0033043E-24	223949373727913453897856317542159482462
1.0033043E-24	230494478378202959878918034107190346349
1.0170482E-24	195357804972420586206904738662176230974
1.0170482E-24	154701293236258758641933469372955735252
1.030792E-24	221495767262285249569356573145179320209
1.030792E-24	237163395299574772932379580233955753627
1.030792E-24	153778829194777761206510298450099964007
1.030792E-24	159318836886529917886400383481793588738
1.030792E-24	53068019459250501764663325223340551801
1.030792E-24	259006862314254014323731641612838140317
1.0307921E-24	39645747688525222741608626589899792034
1.0582798E-24	158689435338304033814567691214955197194
4.5036406E-21	230377424677362154217680145779246630136
4.5043692E-21	104151763007088162975342536814409676728
4.5043692E-21	254469489272380906234027965260983771223
4.5043692E-21	256878780547481084668685399506064110158
5.40432E-21	254455640086143694653801873661029786143
5.40432E-21	138450671554923244099251681296756635244
5.40432E-21	176001101877708896940231845609603034580
5.40432E-21	149733679219980965998371666809473827536
6.305011E-21	326003889713588685141878035699583733509
6.305038E-21	3570951434873314813014243855374778112
7.205759E-21	309056596768509273495815353521690294941
7.205759E-21	208089785723480069706881250907642736615
7.2065154E-21	219843509333357616150706604730083901418
7.2065154E-21	261363233894904173475552950308040612372
7.2065154E-21	62659567311347837756534628149954344389
9.00717E-21	35333848258347592938863662685548164285
9.00717E-21	76673224573128484581333245703819530121
9.00717E-21	96610377384837146561721552201909681848
9.007199E-21	179948723572977120273293013776345563945
9.00801E-21	76777647797893552212673775685563208776
1.08086245E-20	14695359648113430433318451463415772926
1.08086245E-20	237916712130660006178130603763077285772
1.0808626E-20	56337000073665622242053648669958322185
1.0808626E-20	41734731319293035665202985872916672431
1.080864E-20	307691043517447401099991548180233519827
1.080864E-20	322915946842536611309613311522123287448
1.1710885E-20	8362419169665894435170479189366384739
1.26100486E-20	39955537522925736718131116213778955368
1.2610076E-20	253050061113968630936378768708535821722
1.4411519E-20	315524206798502134443974545497951144227
1.8014367E-20	78838788025843977328969711515194894045
2.536426E-19	227073644685489936653437830735081027743
3.690285E-19	314610151037502942400190436120115910660
4.588438E-19	107566969997167953227726739954543226999
5.557266E-19	208600741189891258834181747340295805766
5.557266E-19	322882148629195540929823274987120580759
6.6404483E-19	45605956412484431207195195408099363383
7.4242495E-19	53499654469763609741055016068212133124
7.4242495E-19	263942243258690050823094294762517161188
7.4242495E-19	246088857517589628094858926687688587113
8.991845E-19	140332502282261132095754163613377410388
8.991845E-19	215250430803983201036186390480408119002
8.991845E-19	286213462383928139388238931629235228105
9.66129E-19	83378741702044348075633444191258588116
9.661292E-19	77282496729045770526347298112320501712
1.0744471E-18	264564129602397840750284801937741729792
1.1043857E-18	339378749563917831559745046641334003286
1.1272572E-18	260410541390850934031731990734232632085
1.1272572E-18	196305114744412495753140177260276682511
1.1272572E-18	25132382260607552234160861635816922774
1.1272573E-18	286196157092451033297943563047691267249
1.2012687E-18	257577024083018851402173832058441705417
1.2497103E-18	42251458076127011896198057494079202956
1.3351577E-18	260709081451566076276718184999561955673
1.4549111E-18	96056664179343263141077800777676845610
1.5632298E-18	77839075646608348513294697329913013056
1.5632298E-18	266853332376908898842024688347813685252
1.7869339E-18	21536911934284225032052513752060030776
1.7869339E-18	177088185248188156729087793890761076196
1.7869339E-18	24022395146020002235939626029206480624
1.8653138E-18	70060569428094553955759029052754275096
1.9066881E-18	87135405281944426295121704696341887447
1.9066881E-18	295181469094633675005210868363233909843
1.9066881E-18	112896784895756915039494822109885144847
1.9066881E-18	212558351644410563712335285352182276046
1.9066881E-18	202216933840780194364528922745953751453
2.8913197E-18	94924765878547948393269757311093063803
2.8913197E-18	52380554279944803568908050986400784918
2.951197E-18	63603126664078514456756417579013826659
5.5891246E-18	485579059884099510821974804135028044
9.771609E-18	264534222123843116084905648992884066344
9.771609E-18	168669197072143013939701671935113276536
1.3920958E-17	69627176506351043505840776212847551175
1.7093107E-17	72282851154969919243436433414175723321
1.7093107E-17	263918749254327976355406074102939424472
1.7093107E-17	118689697599268150745708145986925875591
2.5084783E-17	129946109599872752306864783036668684478
2.9884924E-17	284890347846316027888826461837199819661
3.517928E-17	271843036471429063361520119848131312695
3.517928E-17	193623511243159293844907697922976244823
4.5201113E-17	128063609846059852274526807889698773345
4.5201113E-17	71408312164539231835469193784941935830
5.3187654E-17	303702207777382934626629332473676214928
5.3187654E-17	191692921926133171726963231382389178399
5.636494E-17	174698056768538838483499282126383236691
6.050537E-17	197576864099014614345697608069466617558
6.150852E-17	105248062178156093335709732175187660031
6.190547E-17	236144123939018054448477496965018031089
7.239651E-17	66771266297146152256659304342382641825
8.144972E-17	252950999285205049564949480818988273159
1.0001041E-16	104828107203992490847021457928552382733
1.0001042E-16	143105911989371816828245434764311206713
1.0001042E-16	9878539237790787007700401910133635894
1.0156605E-16	244595012171685154125505490489576027779
1.1369302E-16	204362060973951222750041528939039463163
1.3469335E-16	97997281176622335738949697297277771187
1.5319806E-16	213598893765527110122544493061075044857
1.5319806E-16	156509537170359113084225062009463996849
1.8788101E-16	179416559937458027777718482951397038829
1.8788101E-16	80655693571670108132996702638099374846
2.5320848E-16	205813977632542686978302900747896098452
2.6048124E-16	43184436051699040695500443763072612961
2.878914E-16	254910706308470262299936906317406775205
2.878914E-16	10176627865937514691665694800938673879
4.04786E-16	58606255529301943551487142007659882660
4.701035E-16	247386920618901500008409563792998009258
2.196647E-14	167796545932060213647106853827736468361
2.6999892E-14	289942191125387211444224128344704880499
4.8966365E-14	228651350806002150134610067219555966453
4.8966365E-14	209475270423138084561355783618457470650
6.0186577E-14	19661343561796558106448393180193665481
6.018658E-14	62794112935980654899276582508597694696
1.0915294E-13	159786960369200446502924129953649096332
1.3416437E-13	141929379452989701788902716265969484230
1.6005961E-13	82096823048304991365117888104060768960
1.8202608E-13	272083217486584721499770523176104570691
1.870595E-13	302220634391745954130200016629879702498
2.3888476E-13	259513360477682676917999059645431749933
3.567955E-13	125087506144108508443093485443742227044
3.9834352E-13	1484027231423131599348801871714235581
3.7041043E-12	332592735244466419185908092918010684096
7.31719E-12	54427239248726602508295467675176663609
7.31719E-12	53495003967476345993375522777762690241
7.31719E-12	147770608699699441738313113773273185151
7.31719E-12	209419957008470942890054631004712020067
7.5096405E-12	241697203670048514198090719336351080494
7.5096405E-12	193165043979442454049304779283599176178
8.474735E-12	69816761627894850794637872670452953396
9.51283E-12	38946220665192335948674367006265296497
9.77334E-12	249924898854624437365424824271288013915
1.463438E-11	188580221850008893185684697176689312492
1.4737935E-11	137396358516634883855526632767089320898
1.4919751E-11	255570163263014291056603670066843438939
1.8743368E-11	272209365812442851485211847068039289312
1.8743368E-11	174955013024569271691190563672403787392
1.874337E-11	1169390557482135722042331993712951686
1.874337E-11	298587154943827895904615363596360349299
1.874337E-11	31066040057175855532808651337575436903
1.928617E-11	131167479864749486559444155371833386687
2.1322583E-11	248178235860248274975968751117946478083
2.176467E-11	290817783841057944103641881046506903024
2.443068E-11	240224301573841502038305965245995255622
2.5099688E-11	228328524531602818343752711494439392534
2.6060558E-11	82181131717090620735478494296819771934
2.7767599E-11	212657577598352705256702906397032600195
3.146501E-11	140944886528556020613275173178438472596
3.2995693E-11	206706609678464376908865685039624428209
3.7486736E-11	212293200793035853288343529900682309203
3.831662E-11	295429788762988877631658208805032729954
3.940117E-11	306015000510617227356822430709508608658
4.4034852E-11	90986070951804258496510374667983417409
4.801213E-11	17993643191360235770558527116788816959
4.801213E-11	212377801703093335732312462814085848264
9.059925E-11	200261710051207532899617895804989628202
1.0533718E-10	337792695698017497180645505294594536964
1.1438347E-10	214935770901222293520444319744915791734
1.1772508E-10	242456181710541686333964006779188253293
1.880737E-10	153733724025981095598605976315084440704
1.880737E-10	7379647251642267790759416747572573901
2.422128E-10	76749811809679181089218493577440177938
3.1473252E-10	66768204399459328209830463236985352990
3.2947045E-10	269136737031028375564560289391598113735
4.4719553E-10	52508149669061510817327887049831564219
6.53524E-10	309242625360340692433307752520920929572
1.307048E-9	206461502685355612864275819093455414678
1.307048E-9	215682306944828836714538752553568422262
1.8865005E-9	185374542571355410002145968550212686663
1.8865005E-9	285070489513123957209659176214619361296
1.8865005E-9	45955236532567957114605542385737698883
2.5400246E-9	61518228462803140783461494507846498585
2.5400246E-9	238392778971026717964897698637922720554
6.135557E-9	105985475680660441173574534176884245751
7.4426048E-9	244422592492833930338122932610661505888
2.0766354E-8	160568146034522433339592088885710013569
2.0766354E-8	300678137642574612657156527332995967405
2.4531394E-8	155934175801471782083445903850285816983
2.4742866E-8	45122025610745219429253774870531623164
2.4742866E-8	61458598785378945829606421065182662879
2.8128465E-8	311251218810716062801258976883661436813
2.8128465E-8	184111238320073379833499299323496890055
2.8781988E-8	31519933618097638655715012822197621260
3.249804E-8	311500924535109704270289873754098636628
3.249804E-8	6769478246725760298479752376121667673
3.3224286E-8	39570154188703148409826824947473152206
3.3224286E-8	9371641823894292071536551790930251428
3.9867153E-8	26005661683249981277518396337532417030
4.0418627E-8	286064436384699398553699470983869204052
4.0418627E-8	112705218185586613053023200466661570847
4.0642398E-8	172596240991997442956428730269913495919
4.0711846E-8	166654540613645651699981272549988911069
4.0711846E-8	114360600484577487850383291957389811588
4.133164E-8	143941862162127221968287971302880226695
5.1521162E-8	182912734431941219465477914840537408900
6.5742675E-8	328304220336168487595353989284969520700
6.5742675E-8	9363917300422442913390367304873481229
8.519778E-8	50909355370552875789979773906521774914
9.865126E-8	46453168293124023263534060175442306570
9.865126E-8	38974809964672384410431758397205172488
1.015441E-7	214713391882398428193488337287506857125
1.0312605E-7	70614991611688538212611206541783540692
1.15431E-7	211948570806114366813953794021949993845
1.2289581E-7	178162038715933857678029773540842287749
1.2741525E-7	273946542828741584392295048581115979564
1.3335068E-7	105312916104874090673939651062524701112
1.3335068E-7	236292920458596108562120244860058739764
1.3635034E-7	203283275011638299234436155267299738953
1.3635034E-7	257720038771291009590319852168259822381
1.6360767E-7	236954937805604448755852853693307437352
1.6676795E-7	283465587959366391254510871667493916314
1.6707665E-7	61484236270195184132550232599148818446
1.6962349E-7	225399164598547476513128400323460728325
1.6962349E-7	119294362146219027879306113878013973020
2.0273387E-7	175530413420366779126245219970408004947
2.0273387E-7	111217819059895653196447364979218189099
2.0273387E-7	82115251859512305467122541804482239805
2.0273387E-7	334105130735973118292610272712653547774
2.0501982E-7	186673077816152102947226083697274803893
2.1095514E-7	106754645713708449401237439773796284169
2.157221E-7	314133972350469950886468529073745765513
2.157221E-7	95560175400544789812252478181447683337
2.2287084E-7	243269416248528431209397828554275103903
2.2993177E-7	179398986365670306558701691760673615670
2.2993177E-7	262081322604731753122004457201403505750
2.3708454E-7	113575162294127105873863181569266645353
2.4430946E-7	280709647108732570268479272516102803624
2.4749573E-7	197450405395652363487483049450621087809
2.7856325E-7	303471790427072266033809710604492276764
2.9267355E-7	106216515210602610132784218218717797939
3.1323842E-7	18799425049088235947395735032712083836
3.18514E-7	173658900651743084074739271585309087036
3.264346E-7	57784833027368190461068441636837775649
3.288024E-7	276404501448333266071058120832977564302
3.439749E-7	289524850305361165946991052586600049312
3.439749E-7	15762823868486490736040136153350524528
3.45351E-7	103115239035821991159945041894945534055
3.45351E-7	128853687204158271829786234220670353565
3.7279682E-7	197268467573010312782956446123120496767
3.7670227E-7	70609717032687437676721744016195393954
3.919916E-7	319852845746414394372959735355910262293
3.919916E-7	219662989410742381907274870371893701234
3.985362E-7	30446152723884487427014048668234112180
4.0239152E-7	311526916461642893340144285886149315918
4.0561764E-7	67732414685453698948206925442073393351
4.1387196E-7	64230194386896073612840864476828411997
4.1673445E-7	122456283963538926182045481081906672131
4.2322503E-7	296287786238197317133300273858854792
4.2435272E-7	297988563279953499739045932433190426933
4.4557794E-7	333784319320528874084789414957865485981
4.4994752E-7	159773151818607448252292947045892447117
4.566119E-7	64635089299589494629421455290149705069
4.566119E-7	48982051175776146004878765506079449561
4.6448076E-7	241829675753345939587326843120035906653
4.813488E-7	55984931786486845790062718926455508193
4.8406343E-7	209836795714581043037404746360992151851
4.8406343E-7	224850683812079353399228413706019125988
4.8406343E-7	141826383486621161770196488826983449023
5.043479E-7	239340692183070239752581305210446890376
5.084021E-7	301963573155520767775226779585887193934
5.2206065E-7	135478211490134918804119305675712134466
5.2286094E-7	41096784931458508541826559406080450925
5.3349623E-7	326881041311274087926308430764452211261
5.3349623E-7	177001098496485503758876501498406627032
5.4721465E-7	25980680367076164905447266627833689054
5.6787286E-7	48006688997808259578387141138170531024
5.6787286E-7	41366686585332486219168108007242821747
5.6787286E-7	144900588505072883730646880311197783809
6.425651E-7	131005935568013059208143697309212147465
6.441229E-7	122300157104530735730059483921077382718
6.5479765E-7	169271240156895611799465399264106338124
6.5479765E-7	173786166519073001535025131386931130195
6.961293E-7	248352859439203738413572688350754570025
7.287952E-7	72703967801255877038089478888215090573
7.393323E-7	172636860954494750595786446136674937250
7.4300976E-7	83624382454629768688587941152262588748
7.43044E-7	113886702475889907062216278988411544053
7.6377614E-7	165112824130588477791964759693104316397
7.697952E-7	200266091901307780933716305179392873328
7.8388786E-7	251476470348624635163227820239884678079
8.3189997E-7	219476629647390264792792064692327178772
8.3189997E-7	4618248024852663188326731085254352330
8.589783E-7	162872578049868174014268833537947034562
8.703293E-7	192052614572419399766989436798060373421
8.703293E-7	340064044018802351138666639426606938338
8.703293E-7	36464299610993031523470215706205601640
8.703293E-7	62478413123117037664208709690558865763
8.8101103E-7	257041139748340606788653307929537758548
8.8101103E-7	133880215739066861958106161914473540037
8.880393E-7	32838168667501553588530521917774209283
8.968622E-7	213594843155541106933242455763100395377
9.2742744E-7	155789302963045747154886064662059249546
9.435611E-7	273003062425606758708810039714123257959
9.4378356E-7	229209374760066091091656202709361501868
9.448253E-7	60646843546206948765161807347657913676
9.996099E-7	231166512711259117298673403487914953168
9.996099E-7	10859902327906859584103309082276359219
1.0270118E-6	40277029304860780119282282746036066781
1.0404284E-6	74061202584131696811542623598151708166
1.0404284E-6	181489149820087729600862047626072972613
1.0446777E-6	254848115038737725256243484303083936347
1.0828967E-6	8789826593237538799230136978229760448
1.0828967E-6	49288856607580465698273199742595045991
1.2011234E-6	150777265340840569071614500800251618944
1.2115233E-6	287271366208899636113529409531582498336
1.3278499E-6	285016278918672718947115932908117515871
1.3353958E-6	283128756498740560589859924136107541886
1.3365907E-6	14011286245753718478165096797397724530
1.4116647E-6	150291941336524152968493141264618540451
1.4116647E-6	17099264582787786523138081607100122788
1.416727E-6	277408202628260113749690402376079009218
1.4173119E-6	167297421590122960228949882340517643805
1.4399901E-6	94032145746382817202692924040209484824
1.5171498E-6	186952102504667897618646614600561051609
1.5299487E-6	158423081121764262387408005565632976399
1.5299487E-6	282771991524459442084903916065826472670
1.5459767E-6	294390828414916752413241597465282880499
1.5459767E-6	21727756610828927514754209799142340355
1.6053361E-6	253088904817458933144195353752119407526
1.6087239E-6	295644821699717243647548537138873875882
1.6125109E-6	113145492763060609818649992429378943018
1.6146082E-6	172656845945890887459823056829577678585
1.6514035E-6	226545376984213918972257388794698775767
1.7131667E-6	160643520295805188068316913566618425244
1.7626628E-6	266885986442696068498089597944347679681
1.7835193E-6	223271324239482583023608235690793612285
1.8243163E-6	256286661314856012231102782882476384271
1.8739236E-6	114668847584713734252809403232894882647
1.8739238E-6	77281573284288730173068496984053185599
1.906185E-6	40804025343002910344057506944880783194
1.9464171E-6	14667587740516108455772245949347144161
1.9754373E-6	35386139449780388628201043300986906178
1.9865834E-6	100928325401373197787820986702918945471
2.082616E-6	239699548776247491350716234967958052808
2.0864695E-6	166512322004995566323543726904471015240
2.0864695E-6	313422863002487949629318495440367897234
2.1544965E-6	260157390244540821922614698284417211926
2.1871508E-6	76475794897674139115079300507384148957
2.3305356E-6	111592415086064977921210056825105941023
2.4417966E-6	212022431141930958058908575831840928216
2.4421204E-6	23823865509461031111139649601087767999
2.5168367E-6	209516636680095386400125718785147219475
2.5732365E-6	103430434276524245061139520123384622966
2.5732365E-6	102056784780448940861003332621124185096
2.6604837E-6	57344168593562802993206617810460635874
2.6872713E-6	237996662215581278688305645343786904460
2.773516E-6	186139942777031850224416644435746494626
2.7870028E-6	257789485339256160391563895178361067344
2.845121E-6	189830925458022280300293042492324625047
2.897783E-6	237303029416211182911401551571467314139
2.8984084E-6	17918582899983140576437674916983704723
2.9453013E-6	206829588703874224270276878384272084366
2.951989E-6	292095199935464449347796662055365909917
2.9976811E-6	29936718762817603373648510737084599746
3.21179E-6	68900692350549588855469811854487423112
3.3053752E-6	113770308975514451523387698718534772090
3.4137524E-6	133115618397863597710420164676453872319
3.5718085E-6	14677351876820948735481509635153025641
3.602036E-6	203557631930978181035467048946902142883
3.6389306E-6	148338284019512431565053171909775861449
3.7284485E-6	219323903603950409496351857096125566463
4.0029913E-6	143892821185678952466026166876450538590
4.214673E-6	268965172181070736928728105643187994746
4.2534884E-6	195291760089059005717103538836772793940
4.371288E-6	59870759968270295183953265584451018596
4.426742E-6	206657420787526184357559109338189005491
4.6218215E-6	182254940253123281529874683178469352472
5.241176E-6	66287231212468572388959987168858504722
5.2570613E-6	56743813086174805638605947418850487546
5.274354E-6	134510205270280390968778444643228859708
5.4494617E-6	280061948337325255690839130639251304057
5.449462E-6	182508721914531348095088433142981056748
5.4712614E-6	146904527384791289554006141974788664470
5.7030798E-6	144855048485043689008438078637915677335
5.7030798E-6	159507249648570235404402678035222018665
5.7030798E-6	93782778421507525736925725146632778810
5.7722264E-6	291160833840087182770075952996594873963
5.782527E-6	296215494038228126370351587672349120920
5.7934367E-6	146699297930592807436162280873668642957
5.8166124E-6	134623294593524666966356657715341649879
6.046609E-6	102441775703546131985870445781259609353
6.278871E-6	169858908904277126273409097504561707491
6.3446505E-6	339497972997602318727833001210274137898
6.374925E-6	204016835001850544373571620662094989471
6.585122E-6	321284177039199173819309543304779365402
7.1238164E-6	160528714542353058554423124753882573212
7.318494E-6	90905941323114040852132089841891288999
7.690536E-6	258445086495839543554432541215269526128
7.813615E-6	327895936531498448736003626767846136692
8.107107E-6	39345272193205933963875441086906863379
8.152888E-6	99565894347562893925173979972985031952
8.547004E-6	337757264672707671313215400636672011459
8.547004E-6	212741431627771757068347738849635367985
8.56282E-6	321547750334109321333181618720766632099
8.56282E-6	99017489027990616389103623119217536367
8.623907E-6	329150919818875164485242030882432283590
8.841997E-6	268706337336559760426165753987174407381
1.0347714E-5	258709176864599488288795922563110407305
1.0629619E-5	183090195617420403694763448685197820542
1.08953445E-5	311722313434291397422733953944035075370
1.2927278E-5	266884449737532338418575298340737740601
1.29776145E-5	157188638945719359902474536166866446614
1.3820208E-5	199226294625480739268489295193256300834
1.3820208E-5	297888678748967276840577303909412369383
1.3820208E-5	318131986219228336750687904972012068607
1.4934022E-5	165761049798567581408148360859676925066
1.9881596E-5	336891660792701385445639420434677598578
2.0329313E-5	57077368724005703847920257004913251627
2.0329313E-5	300140270765117031834448077403511965250
2.0694357E-5	282296033283148466474424413949611595454
2.1036607E-5	18982631704975989674089838829900151425
2.2364455E-5	197269056261311098116831415082120352569
2.2364455E-5	276236110462159920079384702804294870712
2.2364457E-5	230615147501782978403022783317768687250
2.2453918E-5	168395577420593164240039041132588190035
2.2999437E-5	102192639850571114453551533463128312141
2.3987539E-5	147545419724739970243173578017931792621
2.3987539E-5	119130924790163007148451560600107241195
2.3987539E-5	55609466917805955510944158148434223728
2.4373534E-5	130949811783170359378884800058564656228
2.449231E-5	239387021765039577828302650091323683277
2.449231E-5	337893577159762039868646251023859051151
2.449231E-5	40956991461260481537841123842116064637
2.4533641E-5	26742283628533398445097367044105314341
2.6038288E-5	148106114238616002285032710987245968905
2.6162517E-5	47221850307928936990965387708256487278
2.6162526E-5	231037312372783520147514970923469795797
2.6529686E-5	295506661755970061692270184006782445983
2.9690618E-5	69717665715511847251802046096778662229
3.0254327E-5	170796915791319302201461642790315544098
4.457279E-5	178323052824258282451222141492114231086
4.6161695E-5	233988019408743130905205477897543988855
4.6161695E-5	121120469509537280483082175265358922427
6.626686E-5	285251749780718848044486666203007691216
6.7337554E-5	43818979484444404209785013612958785680
7.5808304E-5	88053891984365756350607484846437566818
7.608284E-5	37266577905025371833303912520705609036
8.585294E-5	217032144108758434166034075861071685698
8.633373E-5	334460484124321326784840560775422993325
8.902077E-5	40808820736032179966412699613272368449
8.9147055E-5	328553535867070724830587745742314780321
8.9147055E-5	66128854632206510043570389209720048854
9.1783186E-5	31387829440877120784936410464706540566
9.484901E-5	209424659118912479046205327913078290397
9.709083E-5	311841315898332644815785775785783420362
1.0051585E-4	143520865019680325426336923185774788360
1.0101575E-4	151583073912349509242693680304935036336
1.1486077E-4	138828430001799742448070816344964599390
1.17974196E-4	159033116681281466126539551682703167208
1.17974196E-4	247514764640856458568531371123603961997
1.17974196E-4	274052191892782929153143588940007456968
1.1905709E-4	94378894197004737386536383691925264742
1.2270015E-4	308183573719544322355754103234912136621
1.2519043E-4	158177737747677064520155153709620867465
1.3862574E-4	301678959294253391424860999256644801972
1.3862574E-4	37887812205584685651731191817385442184
1.7131885E-4	16148736816849031854286923962739011363
1.838752E-4	134228243943421288073123661490827030844
2.184879E-4	147696562885340812245594029764635252919
2.3187444E-4	74907954897708420817337607217001865709
3.0525698E-4	328550557086043821359790190110089677443
3.0525698E-4	8231205423489978787156460413895389596
3.2314687E-4	246274778675313575105280689569663865036
3.332749E-4	163985522774334523207185258884201286875
3.351219E-4	73439588521435125800966339236828075942
3.4456342E-4	226180426452621234925977995503475054412
3.452559E-4	82247681098100387520514905650468531021
3.5132692E-4	8516442787078501125880386419639628719
3.62936E-4	239248581265227250385202765174531432725
3.7714397E-4	110838606352139739555445183395293893813
3.7714397E-4	134912212265104509899490636587387286579
3.8173352E-4	29107470709479950854272678532764799346
4.76246E-4	95389285824145113392551440829866916376
4.76246E-4	271500763985803253075645216616848875245
4.844921E-4	4060477310201778728807173212534938487
4.8653997E-4	298271246873301082784834016749813825233
5.013427E-4	204924805455167904510083928270251329153
5.034972E-4	98503226685578212159509843070005642565
5.486295E-4	257261464452074213578381955964079192358
5.880302E-4	118101895349641699059424577213429127123
6.0140074E-4	111257280451793193824374427597463279604
6.0140074E-4	30553706473220191100666634885719224043
6.9114286E-4	7656207312488016372076319126590443714
9.203973E-4	281369044571928390262066600201322160945
9.255459E-4	82916895421614049846264832830932849946
9.255459E-4	21042798774052607042177828475676971969
9.5262553E-4	109275166593816131574062572700323251816
9.819412E-4	8560955277094323405579237392850891505
9.952597E-4	309132039060620560460703183402856355184
0.0011440337	313329352324524212864809572673616148684
0.0012814181	64274999690639712785781780918500307026
0.0012814181	300964250774980133368386981144505556523
0.0012840601	221922924981771659565470462298909419959
0.0012881972	37233317212491938378092167824196308415
0.0012973539	141705365482561167129210571335873146795
0.0013149251	177660589821500577494164998694349107711
0.0013467153	16957798726909295985633937543323968559
0.0013467154	148437981479211096058333797042500817570
0.0013733873	25846893321456091923653845931433767490
0.0014196561	1111045540444303396409349607180772562
0.0014310458	206140374927697789703727673218751872879
0.0014507629	330254090487204065512243801899323777887
0.001460742	41465870706060606689699857814850788091
0.0015691614	43342363930667121593526211718413549466
0.0015691614	238643438269849836771409822410503774725
0.0015976977	248107675026953395158100743559842808299
0.001622359	39952014804778382411505257856610983524
0.0016693438	328841395149836724782535920171168726804
0.0019120071	68776687549495554256017727745779500687
0.0019333509	299230709489733563621449960978591817843
0.0020040926	331652327833785348676066748797862686293
0.0020240636	229976412844726950040947127043148777229
0.0020347058	113549645950665628008277107245374917408
0.0020619675	188707161876881368151749409735958468935
0.002130534	304479433570707725189490986150760328430
0.0022962634	103751910713428188153876680451043826394
0.0022983565	280977461714919056679049292010678396068
0.0023103459	267455473623903804867807839983631468333
0.0023255683	213388888274349038749820074481864560644
0.0029368447	138464469958462584178546176442966546936
0.0031264487	75064076505977725338287561605216146024
0.0035245854	206698051375835978397445864998332858880
0.003566104	198968107965812983467725138874886500903
0.0037891245	136298407297584891074674755422741484915
0.0037910177	299980293292778188219924870943111277692
0.0037918799	264183064410292325536684747521314643098
0.003920485	299644241297891269296104552626346255212
0.0040245513	87817237583237992041476920141374731670
0.0040684715	153342311015769518513595145341069179818
0.004387608	293208902066217035542029563129938258121
0.004794597	97008356640547621048472268562410523068
0.0050789756	320537035071491105423977840837822725689
0.0054567754	169800050351454197940329453098389673689
0.005503779	108771242931156240061697931809834171942
0.005513781	38173952931891937178632801070243038241
0.005580037	232017721672467270439231252303314481279
0.0060136076	145426432921133749317922477714102706808
0.0060632573	44564659627154659293937750159529829882
0.006154502	245102152482178792697353407035423841442
0.0061927172	137243189830618968906999516584231304228
0.0063490863	156471617313644419826686265789184402299
0.0064924196	195832701359192881383358236460187938362
0.0066689635	129783864595772763185422593755397850589
0.007094738	178400067990794464085255600198089800280
0.00873675	225189427974061224752548208772393867835
0.009735379	251290491686687990246865529160711840622
0.009743295	156898035471859568946889328080176715580
0.009748801	192154715105221442751576474634797839778
0.010987822	106153766022358959300851279860610095146
0.012468261	119337412437940133144881923208049882442
0.014318752	241126828670820883402734062751553380026
0.014699814	252196396384583199419533291729892458717
0.014754466	284510239251910046427593057486449185085
0.015552684	14422838876333252177147022771297875842
0.015693549	80864486632161759425781019242157304936
0.0159651	311218742172378233346616275946093821692
0.016049748	40724268349673808439916910640183077972
0.017290963	214917686594559236497547622533457258166
0.01875023	337143515503394694343516293631695233533
0.01875023	284081646920620618990338584531071661096
0.01875023	84005414524920930604979186870483785610
0.019772261	241796139462221771329041646868695215641
0.019932462	93525152415939005147939695178168004149
0.020454647	259479793941959149960309933682866059975
0.020762851	53574257330649294493201710463768238244
0.021505028	294418289840301973322672169300394924184
0.022580503	263777946041694877194085702269294990488
0.023378478	1712967822958713490055716528324178036
0.03356562	64032941963750223601505696787123138445
0.039775945	130234240159727504338733905210582270097
0.050235454	157265622456866863021756506206858758746
0.05310051	147157785195025897913289327507587874877
0.055981852	335958199282017917540862336458539028159
0.058012135	101253177778106934462768525779128978970
0.06518854	153813971446222387699867657348902854798
0.08536474	333167821653463323235971345946071414244
0.10040601	81083871557970115297473966106678560670
0.10136407	39016977094134687121681101995968924050
0.102803074	305487686777243035377306976209025801327
0.14374767	269011742891273932588164655856253091447
0.16131091	131802765080162628666440881374317948788
