0.0	100595288344350545690146921654239826013
0.0	100948813135743159093791478597675135765
0.0	101502213530427500073935925407199364874
0.0	102607240282281651546460219565942248602
0.0	10600381737077537671566039257981873185
0.0	106248071544932858101260389753239382641
0.0	106318732756445779580545895542264917122
0.0	109916638359653104073377599895980608798
0.0	111036454140628188797648968526673649957
0.0	111423505735120462808454156177602837747
0.0	113434555782234224066238691258926969111
0.0	113836696427476374116316513905994285644
0.0	114276493258496341834684467394448953988
0.0	116973830063926908617206181147945556349
0.0	119074226093087437698679372554635803208
0.0	120752092313118629474348748872311918625
0.0	128221837897263026115803718357545868548
0.0	129461710613192743835204549298747571944
0.0	130193789240906671481980454585053900562
0.0	132045068418247100751661402729916475594
0.0	132216386122699900038627414150789179269
0.0	132581975139763792735120669073466099779
0.0	13316630377600683770151410135141279565
0.0	137000667887534977904087006647379235708
0.0	139389401836266198550243513111741171661
0.0	142315515769347197458252594226299622718
0.0	143044936403413457368306313008980408939
0.0	143209381088976949148101061426216291023
0.0	144514379864071513879511041938043737058
0.0	144611851226820609140186301802701042594
0.0	145182908460672118577695517461641754197
0.0	145382868798059117248209190810409327408
0.0	146198051138923363890895100091321463273
0.0	147038850713668960612331455024278273750
0.0	147471673177513999315288555251667943341
0.0	148138525145162120247551379356901742183
0.0	148190757253190907539806126461920078866
0.0	153983796076924509968084903081823562399
0.0	154027006814227624268507602902592688151
0.0	155807242914887665480097433559475934649
0.0	158370790001544444404403646539095590639
0.0	159384777311596584007394452101811680722
0.0	159583486892126727310408904255503027072
0.0	159623429792934920820428261473190069327
0.0	162227991699507409604821525429455974761
0.0	162641177369899953026201605083812248156
0.0	162644630562437292235103471492040403327
0.0	163085448558171398192965735903850256150
0.0	163695051906595478124071505742746390322
0.0	163905985667270091834011698385103114392
0.0	165462595426474997471029270696210542409
0.0	168176459605741164894518026967575074592
0.0	171158006835268781212626475808204040128
0.0	173469644955351019561446335093259079458
0.0	173727695083535356476347582186216098063
0.0	176457292448028001079817765831396648106
0.0	17936145204122751490003195196551294379
0.0	180262219221002860037251453067895209541
0.0	18226996606774904759425085124567082502
0.0	182841539174744810906556964399986943517
0.0	186141393584636179874217234836418207263
0.0	19051370724276319009455654636783930464
0.0	190641685905548256730537682212850682985
0.0	192425198345599321392115647171979668764
0.0	196291896166778853643038400851340404160
0.0	19663383763267403172160172035672185218
0.0	198980273599660501352190317429078368564
0.0	200310641162004677761394793029180110560
0.0	200623401250727810332542083382754546238
0.0	200642971480791616891274148539247462474
0.0	202961726677913427288562482694553300915
0.0	20530089116785438062412010788506178045
0.0	209148778875567752723491838065258722766
0.0	2092777166232750911436256403511425190
0.0	210717002233738059773747956366671471545
0.0	214173009167131477100440805253657146974
0.0	218110959486174731123414987094031095635
0.0	220462821487822213592866968997512569537
0.0	220836368343182546179242384720125936065
0.0	222814471340520284278176855932557111807
0.0	223288417610245602254092123820760557563
0.0	227736848454733841513744432284887960428
0.0	229203101902825370174732200055713030023
0.0	230458547963815843865230184945395917356
0.0	232457948495576551402475038839335731568
0.0	233142923567458840625078576438787656068
0.0	236634813234009799576905958799491809401
0.0	238692066327542026074571095070332689829
0.0	239925109573982976031062910818349500993
0.0	241938224615606165684951184141225717178
0.0	244376125139740069376186137957636366045
0.0	248262777731275011224339324532641847152
0.0	248681369559819569629159787758896035995
0.0	248957252074123246495361212554932347626
0.0	249855732933610854987906591233781288795
0.0	25053969099009480549689452922857382086
0.0	254570336081205118738142251043099029234
0.0	256863948244150007761874197409347586276
0.0	259363794855603491043945373384890573371
0.0	259572984427905385045695893343664273497
0.0	25996155663439258091028409274174722
0.0	260998511829385777899639320745969559036
0.0	263874592381706497101420790243322662580
0.0	264704408286912563010941691341142499190
0.0	264757711836206834883282182991003033774
0.0	266923496684859315690601696372627132627
0.0	267607305098709723454240918762289995953
0.0	268829260775597277229312782687645123048
0.0	268949630128463582290950494064161388316
0.0	269099620330701963483562425310748858137
0.0	26929597329418528790804631575104744728
0.0	270168334193870197518837658978128621609
0.0	270480180093897772544469994741750169456
0.0	274486675172503112040403713534326952865
0.0	27517832924591259239510570012097230020
0.0	279567985421021097745318159238365759891
0.0	280921733587520594230195199520024550218
0.0	283273830850810376525497873270333953951
0.0	28430892963094266339009541069524663109
0.0	285864953940414735939443798648639563731
0.0	287386706533232365262734979266913167258
0.0	287509146235885095297920019801780530835
0.0	288039342836683592530853526588366886843
0.0	288983587350120647132763763587541921412
0.0	289131891396503357207016093043371742304
0.0	289292464242873211142761203212307535803
0.0	290150730537299795963061347965998298950
0.0	290950318833287074725017582886526077455
0.0	291852869232787481298089577702922259416
0.0	293114943648201896219630093812510979291
0.0	293212549010198252213803113423106050373
0.0	296248648199800393727308862364318681268
0.0	2970435439558320389489658971556014956
0.0	298128308265902772159561615404305698379
0.0	299695514662355054212934108804953272056
0.0	301439841324030190931053618556602661320
0.0	30277375663018038637192734563691118425
0.0	303768679470101102752139058979706321010
0.0	30451787304977629944459729777329005964
0.0	304659735007367127485499378286873651643
0.0	305570454021931516965594515397549192366
0.0	305666107979573963174564529913681726069
0.0	306719717860747664268377721247284273443
0.0	308455509430743047637474903517575229214
0.0	310270538448454857056357264472860981747
0.0	311619579671808324296448122589505079555
0.0	312356273873574540334342246751387609136
0.0	313012498639333076075122026084219528926
0.0	31524518271003421717127289811729069451
0.0	318049505316551999892499844357594633158
0.0	320442683839729348518806573883122698018
0.0	320953233082386406076141356937945833584
0.0	321734448238797382916414753632671552238
0.0	326482296673869403437293685416705260211
0.0	329232970191415863493934695915251916500
0.0	331035677943689454765373811642386654278
0.0	331319160277735998015535164137556866613
0.0	336010223750100168371957219315825562536
0.0	338061064763587872300223392920840114614
0.0	33889608170475118079281226387480693219
0.0	34193902886935509751867197997092320866
0.0	34531320131496247653831476814519598886
0.0	3613798136536035884014510658886302286
0.0	36360664063537069815110070409777371753
0.0	41509179019592296340957414600842603523
0.0	43118782509372219997004982314666401644
0.0	43540114873971322872806261187477193306
0.0	44556536114348660140101862402148141289
0.0	46734922320856283152924337619794396600
0.0	47687194224879881043942541890560253958
0.0	51836155337038552429429360323988256571
0.0	5192750594000701437609973539528881564
0.0	52309581234480480736861187094613796668
0.0	53406574837983713041901889589389462391
0.0	5487925150202329948574819772091559156
0.0	55025127573354612328109565265566480890
0.0	56998658355044120435698670136795811927
0.0	5933284383456179001489909489986713055
0.0	60748296306889477526435443872493978939
0.0	60795091635254663661039404717856275637
0.0	61534183598447796682840019621984805171
0.0	63201890372344028542369925037210640286
0.0	66270661447323285286180509551703949670
0.0	66993566404067465237868779469651713582
0.0	67301018398121748004115944308268526327
0.0	67544822196756866787504071856723744077
0.0	68043098890682693200142816755103078489
0.0	70479833663312540650651114527763470851
0.0	70722575810122916198971824387463166715
0.0	72960833098035353655607269481417114279
0.0	734563593257688060537540363716212648
0.0	7391298996237030094795542841262602542
0.0	74205517895828022629285152089989449618
0.0	74463394278685178776798386282741461919
0.0	76042320732099988479781152708295445493
0.0	78359756448026574782573145030678311809
0.0	81536327260753253038750095857811768539
0.0	83598613933583531880401701693218397246
0.0	85049558402614904253545004782634394369
0.0	85272653658598743623830468671236614934
0.0	85747672042057127702728232425738467702
0.0	85967889285046948176063729942750144597
0.0	88748705329275102860468414442007281762
0.0	89952459349096681914457882055134494340
0.0	90448302720952656452297086338333049786
0.0	90489371137015067462175962523671006710
0.0	91188444345230620093137685420596651115
0.0	92282491685772600524300365883978849626
0.0	95476837265457349096842233939197601643
0.0	95732716011866863694425363371711426158
0.0	99719820172593357839111269569938849931
2.0479998E-8	266496741551392554746028073651385300355
2.0479998E-8	82665667243646434261532271705693709237
2.0479998E-8	6275734160709542496450214821704394232
2.0479998E-8	80446494220966558321177510757229822588
2.0479998E-8	274525346419412888262350110382654321076
2.0479998E-8	80469667549811152211464277519865129190
2.0479998E-8	316462902808717746476902193782473354280
2.0479998E-8	87924457900008182937630451608095708805
2.0479998E-8	73582943509389365779100340266115996030
2.0479998E-8	63941225635314107856416846113660707610
2.0479998E-8	292623430758087205940710960239499905826
2.0479998E-8	107039697450113557819214267120328065372
2.0479998E-8	104822499240210612678278095841816381678
2.0479998E-8	17850986460150501431458775287214244198
2.0479998E-8	120042435585252462083972857167006126632
2.0479998E-8	119717696952293815732069821774394910975
2.0479998E-8	169440672869732137974375266884290725059
2.0479998E-8	180969666217053800133205666675952184669
2.0479998E-8	221900770922417814241287732736890435730
2.0479998E-8	252845963205607703821783485046743943369
2.0479998E-8	11680880450714857270776640251178660693
2.0479998E-8	192779517875997309632547109995577245606
2.0479998E-8	248084286746033501888535773092596101362
2.0479998E-8	151585842087115123605240343008459012291
2.0479998E-8	109512595733711649354144876915232954291
4.0959996E-8	252056459095111156956293422800014459806
4.0959996E-8	20419777683067229359468327232769616742
4.0959996E-8	306792462041445073243824960556476031830
4.0959996E-8	261954363921247040680069414304563673878
6.1440005E-8	138359182810264795272076592712066271660
6.1440005E-8	211760801687269195030196458064558234365
8.191999E-8	240430866303837579968373443883925105427
8.191999E-8	58477583058657590206421759030574247818
8.191999E-8	314826017776531372720352258459539849166
5.18144E-6	199822122464071908913951308741410148543
6.881279E-6	24525209343912988693719984155115043813
6.881279E-6	204626782597922714577555012402436641185
7.90528E-6	250548302568271141813336283202741405262
7.90528E-6	51152494686440564569489269954925997755
7.92576E-6	178456157558322208751471839220429895128
9.973759E-6	202026382238592416088178421280334500010
1.2922877E-5	244962623488482113602745093357601767938
1.2922877E-5	316611427589834911322244088517269553505
1.4786559E-5	269858337411539964233635277827604877080
1.5155199E-5	91813301218099936021958394624628327489
1.5155199E-5	235221262503132251318307525852793634033
1.8943998E-5	334271286387502459558101783877089657575
1.9804156E-5	281134147907798377886798341763967026239
2.4575997E-5	226861436549498590611561919074494193032
2.9941757E-5	233105070952326884301429131424954028759
3.2931835E-5	57470052812827611021596104303100687084
3.4938883E-5	85344803043834967073058452079985465212
3.4938883E-5	239659824209525805198480427579544894248
3.4938883E-5	154334978349944314354763297024445420307
3.4959365E-5	209056219356455274960319634334449204681
3.4959365E-5	128300326546980542568431663804587026184
3.4959365E-5	293658093086186907119135290245434567413
3.4959365E-5	288067200472358833850457153677604476899
3.7744634E-5	284651099622288071856649410117487983213
3.7887996E-5	162522380398471891430416719970772387396
4.0202234E-5	59936659444826947869724403595720774632
4.0570874E-5	131108121897806521314499260201471662277
4.0570874E-5	182591380592284457608908591940026419997
4.0570874E-5	224026621205054941743606844583452622055
4.0570874E-5	225215351131496874370702184732794874376
6.989825E-5	171077632430246109154215903371398781993
6.989825E-5	325392954154569160301643663791194511265
6.991873E-5	215404483978864431765699546288306623507
6.991873E-5	250261633035352087572278167158058821074
9.353215E-5	325590596213676825669221252480145081194
1.2169215E-4	316109151194601324620109369590070025011
1.2169215E-4	103918878997839985911362877277852399928
1.8700286E-4	261587332289777837697007083985295130303
2.1342208E-4	246988111342289214312304322156118826087
2.1344254E-4	175406214907678254733671071519520800888
2.1524477E-4	300566681181630627342448034358252915817
2.1530621E-4	9270209163791742423370925819013436065
2.1544957E-4	137909639898141700461173377026458084443
2.3801855E-4	149874461333204057021603155566525236762
2.536243E-4	141352428574446969827343202413107377959
2.8039166E-4	86028132507603020619142879030088989384
2.8053502E-4	23544824657058915434794985567839713739
4.3046905E-4	312472101041749598383394243806097591338
6.148506E-4	24199150159937975876403745162679391505
6.175948E-4	104105844697470013276372331783894076726
0.0014222336	128183871744877554585230061226621220539
0.0014222541	133301738004088394381048661629164509881
0.0014222746	104589015924883688630478619292864275282
0.0016187392	114301126740716349578252894953176797955
0.0016187392	8144114949201532507382289375479767262
0.0016187802	220225005451084463942343379077957078502
0.0016188007	202509318312390492831681674459489323353
0.001919652	104646874002097182276953601805981686520
0.001919652	71734590465725598974897142056547211822
0.0022335898	63174291105328812934212166972189761315
0.0022335898	202261285345893050284577083677055869646
0.003605668	148511838361064104411653673322648403910
0.0036056885	255141271871887572604204954207769279563
0.0036387022	303806832053566290572095716352649981643
0.0042127976	64363282148945876210890336872865755343
0.004212818	298690743135077500802007851608046438995
0.0044709686	116480772629362012002460626777081605400
0.0048048743	30442676062515284415598723418014355061
0.0063906414	217182398344717121985059912345853998316
0.0076776245	111981443422667599916101641267414970874
